0.0463633	0
0.0417473	-1.11885e-09
0.035022	-9.60276e-10
0.0287997	-1.62111e-09
0.0250176	-1.41987e-09
0.0211237	-1.56698e-09
0.0186965	-9.99173e-10
0.0207423	-1.24426e-09
0.025661	9.85499e-10
0.0306888	-5.13018e-10
0.0361359	-1.64477e-09
0.045246	-3.97735e-09
0.0569356	-4.56086e-09
0.0602386	-6.28416e-09
0.0517039	-4.93473e-09
0.0403719	-4.32021e-09
0.0319204	-1.57494e-09
0.0267913	-1.67719e-09
0.0257473	-2.37959e-09
0.0266657	-5.03908e-09
0.0284184	-4.94916e-09
0.0293503	-4.03253e-09
0.025946	-2.34541e-09
0.0194992	-6.8265e-10
0.0136533	2.68753e-09
0.00810853	1.81053e-09
0.00376492	1.14154e-09
4.1763e-05	8.47293e-10
-0.00481225	-3.25741e-10
-0.00816582	-3.32638e-10
-0.00863595	-1.72178e-10
-0.00926973	1.1153e-09
-0.00859147	-1.17588e-11
-0.00445816	3.49545e-10
-0.000367706	1.89997e-09
-0.000293963	3.48305e-09
0.00273136	1.88071e-09
0.0210306	3.23617e-10
0.0496702	-9.15866e-10
0.0713994	-4.30434e-09
0.0856133	-6.6706e-10
0.0951418	-5.80381e-09
0.0923006	-9.1648e-09
0.0800435	-1.32865e-08
0.0695495	-1.18868e-08
0.0643551	-1.22602e-08
0.0666939	-1.1308e-08
0.0717079	-1.30592e-08
0.0719264	-8.09652e-09
0.0719357	-9.37627e-09
0.0765093	-1.1038e-08
0.0800509	-1.67699e-08
0.0766102	-1.42737e-08
0.0664951	-1.03226e-08
0.0549823	-5.46752e-09
0.0418996	-2.63722e-09
0.029218	2.91319e-09
0.0247907	3.71632e-10
0.0248818	-1.18839e-09
0.0242028	-1.64042e-09
0.0259558	-3.31625e-09
0.0256318	-4.54099e-09
0.0232221	-2.98324e-09
0.0200744	-1.99991e-09
0.012842	9.94742e-10
0.0158635	1.34902e-09
0.0334706	-4.27471e-10
0.0485719	-2.2721e-09
0.0669702	-4.20922e-11
0.0913811	-9.95776e-10
0.108082	-2.19957e-09
0.114066	-8.2099e-09
0.101642	-2.23194e-09
0.0847977	-4.37829e-09
0.0936445	-5.80427e-09
0.103822	-1.01495e-08
0.0993514	-9.66118e-09
0.107422	-1.48053e-08
0.117987	-1.51695e-08
0.115442	-1.72285e-08
0.111107	-8.20673e-09
0.101795	-8.5582e-09
0.0909918	-9.42358e-09
0.075583	-1.39882e-08
0.0452783	-9.23843e-09
0.0264999	-5.70442e-09
0.0251922	-3.16847e-09
0.0213665	8.26769e-10
0.0307599	4.82273e-09
0.0541264	1.01191e-09
0.0762292	-1.92055e-09
0.0951623	-6.92334e-09
0.0862188	-5.37253e-09
0.0538084	-6.78671e-09
0.0391255	-8.42685e-09
0.0353211	-7.83373e-09
0.0333301	-2.73807e-09
0.0455338	-3.38494e-09
0.0601742	6.36594e-10
0.0775452	1.31567e-09
0.0967448	-1.02062e-09
0.0919422	-3.97534e-09
0.0713467	8.5229e-11
0.0522664	4.49211e-10
0.0360432	4.29843e-09
0.0402585	-7.93971e-11
0.0657339	-9.62193e-09
0.0963013	-2.13572e-08
0.124844	-2.31044e-08
0.130685	-2.59006e-08
0.118858	-2.29739e-08
0.117279	-2.31103e-08
0.11508	-1.37517e-08
0.0999073	-1.6314e-08
0.0737697	-1.58876e-08
0.0404121	-1.85905e-08
0.0346449	-1.71177e-08
0.0488947	-1.06766e-08
0.0319646	-1.88454e-09
-0.000286169	4.57915e-09
-0.0276269	9.1919e-09
-0.0570232	9.34817e-09
-0.0540314	5.76226e-09
-0.0351766	5.22176e-09
-0.0466275	3.08691e-09
-0.0485375	4.23766e-09
-0.0315787	5.89309e-09
-0.0376634	1.04479e-08
-0.0370013	3.82595e-09
-0.00597286	1.65285e-09
0.0164013	-2.83638e-09
0.014412	-3.75462e-09
0.0187341	-5.46183e-09
0.051988	-1.12689e-08
0.0920301	-1.28659e-08
0.121381	-1.30967e-08
0.141073	-2.80337e-09
0.131854	-6.24629e-09
0.117931	-7.60491e-09
0.120235	-1.27381e-08
0.0978403	-9.66455e-09
0.0707221	-8.81101e-09
0.0411758	-2.56496e-09
-0.0260414	6.89558e-09
-0.0433195	3.84195e-09
-0.0384261	4.21843e-09
-0.125269	9.0808e-09
-0.160856	1.29142e-08
-0.104348	2.37145e-09
-0.125869	7.60288e-09
-0.168451	1.25484e-08
-0.169679	1.82099e-08
-0.184994	1.28331e-08
-0.152743	1.62991e-08
-0.0988907	1.10155e-08
-0.0587767	7.5572e-09
0.0555305	-6.12954e-09
0.151844	-2.04772e-08
0.165387	-2.31454e-08
0.199269	-3.11807e-08
0.203633	-1.09946e-08
0.138485	-1.31295e-08
0.0594232	-2.69067e-09
-0.0345601	1.1404e-08
-0.0698609	1.26543e-08
-0.067169	1.32475e-08
-0.152905	2.15115e-08
-0.218223	3.21647e-08
-0.183654	1.75072e-08
-0.163897	1.82332e-08
-0.17293	1.44787e-08
-0.193446	1.70239e-08
-0.223478	1.28312e-08
-0.229837	2.28101e-08
-0.247933	2.78258e-08
-0.258061	3.44402e-08
-0.212666	7.43938e-09
-0.155103	8.23807e-09
-0.0619677	-3.56525e-09
0.0329864	-1.89012e-08
0.0148095	-1.61645e-08
-0.0183583	-8.34824e-09
0.00674181	-8.2372e-09
-0.0229514	1.53787e-09
-0.0633773	9.50055e-09
-0.0260051	5.08229e-09
0.018341	-1.75752e-09
0.0596218	-7.90845e-09
0.111409	-1.44389e-08
0.0828467	-1.40707e-08
-0.0065392	-1.35386e-09
-0.0308398	2.12094e-09
-0.00542246	-2.51711e-09
-0.00279234	2.83841e-10
-0.00123471	-7.06005e-10
-0.00641924	8.28751e-10
-0.0391159	1.04575e-08
-0.0464643	2.02325e-08
-0.0329816	1.95511e-08
-0.0382801	1.73232e-08
-0.0062952	9.45226e-09
0.0735891	-2.46416e-09
0.108782	-6.94143e-09
0.0751941	-6.13269e-09
0.0379252	-5.70263e-09
0.0112942	-6.50833e-09
-0.0531947	2.66796e-09
-0.136628	1.61268e-08
-0.17183	6.4906e-09
-0.163112	1.38224e-08
-0.129113	8.12484e-09
-0.078072	-7.26894e-10
-0.0453584	-4.69746e-09
-0.0263166	-8.99941e-10
0.00964071	-1.32428e-09
0.0770969	-5.31045e-09
0.160037	-4.56303e-09
0.197823	-1.4135e-08
0.214474	-1.6624e-08
0.231209	-2.63134e-08
0.146002	-1.33764e-08
0.0168169	-4.21557e-09
-0.024644	-5.60792e-09
-0.0363774	-2.80093e-09
-0.0188406	-4.56691e-09
0.0512077	-6.6916e-09
0.131829	-5.72221e-09
0.303635	-2.61146e-08
0.512507	-4.39004e-08
0.621138	-7.27071e-08
0.698419	-8.18887e-08
0.65165	-9.59007e-08
0.414685	-3.62812e-08
0.27983	-3.30417e-08
0.303181	-4.68101e-08
0.349564	-7.06575e-08
0.481891	-7.91672e-08
0.629595	-1.13157e-07
0.680312	-1.19746e-07
0.632959	-1.25281e-07
0.427645	-5.0605e-08
0.228317	-3.55815e-08
0.254138	-4.194e-08
0.339695	-6.80923e-08
0.337675	-5.75031e-08
0.314722	-5.03926e-08
0.272869	-3.56261e-08
0.176616	-2.28537e-08
0.041079	7.17817e-09
-0.0232794	1.11579e-08
0.0556261	-5.40575e-09
0.0984196	-1.18469e-08
-0.0230606	6.98167e-09
-0.190107	3.57427e-08
-0.321108	6.48092e-08
-0.387592	8.94752e-08
-0.322797	-1.06587e-09
-0.148411	-4.97576e-09
0.0311038	-1.57266e-08
0.131656	-2.30739e-08
0.127617	-1.65426e-08
0.0670494	-1.47598e-08
0.0497383	-1.38801e-08
0.107758	-2.05508e-08
0.113457	-1.4445e-08
-0.0231866	-5.87412e-09
-0.141903	6.55655e-09
-0.0961282	7.79262e-09
-0.076095	3.37393e-09
-0.272347	2.56808e-08
-0.4226	4.45432e-08
-0.302625	4.54627e-08
-0.196973	1.72033e-08
-0.241256	2.9982e-08
-0.223802	3.07918e-08
-0.16936	2.55246e-08
-0.131432	1.38133e-08
-0.0357856	7.22556e-09
0.0308742	-7.98945e-10
0.0753498	-3.79339e-09
0.142556	1.01952e-09
0.148833	-2.60466e-09
0.191954	-7.70027e-09
0.241788	-2.42056e-08
0.14229	-1.28086e-08
0.104386	-1.05992e-08
0.187739	-2.23191e-08
0.265625	-4.05845e-08
0.462128	-1.94447e-08
0.558042	-3.79766e-08
0.328012	-2.10004e-08
0.231321	-2.00682e-08
0.421693	-3.07214e-08
0.508952	-4.95845e-08
0.481804	-4.24247e-08
0.522196	-5.83358e-08
0.538592	-3.29812e-08
0.431543	-4.35168e-08
0.31229	-3.84116e-08
0.249898	-4.39935e-08
0.174364	-3.36858e-08
0.15058	-3.42772e-08
0.0541677	-1.98629e-08
-0.410897	5.10329e-08
-0.839528	5.00365e-08
-0.840837	7.5931e-08
-0.790932	7.24127e-08
-0.686925	7.72703e-08
-0.358716	2.5211e-08
-0.171892	1.95435e-08
-0.0906798	1.55563e-08
0.0198461	2.41129e-09
-0.0803981	1.6541e-08
-0.16507	2.69323e-08
-0.0944852	1.4751e-08
-0.158794	2.87779e-08
-0.200111	2.8056e-08
-0.096904	1.69874e-08
-0.0170401	8.45485e-09
0.101546	-9.98102e-09
0.133125	4.04955e-09
-0.0199122	1.35349e-08
-0.0813775	1.53557e-08
-0.0937286	2.01324e-08
-0.132863	2.42183e-08
0.0378271	1.27972e-08
0.243695	-9.67633e-09
0.189899	-1.91415e-08
0.0514245	-3.89604e-09
-0.0187289	6.44876e-09
0.0241185	1.72992e-09
0.273937	-3.71167e-08
0.43934	-4.96121e-08
0.175434	-2.93687e-08
-0.159851	1.42253e-08
-0.126943	1.73304e-08
0.113388	-1.0375e-08
0.319151	-3.28645e-08
0.360663	-3.80016e-08
0.133846	-2.15245e-08
-0.139242	1.25779e-08
-0.19244	2.83655e-08
-0.0568889	1.33093e-08
0.0792593	-3.22469e-09
0.0190913	9.2573e-09
-0.0943134	2.14279e-08
-0.0837837	1.7947e-08
-0.136612	2.67285e-08
-0.122711	1.92772e-08
0.0518059	-1.06746e-08
0.104898	-2.62062e-08
0.382134	-7.7513e-08
0.862863	-7.01533e-08
0.764279	-8.1803e-08
0.568231	-5.30203e-08
0.801783	-9.22908e-08
0.659958	-6.09399e-08
0.221592	-2.11877e-08
0.120857	-3.46974e-09
0.0765371	-1.74113e-09
0.114682	-3.92202e-09
0.376557	-4.6188e-08
0.398006	-6.18192e-08
0.118841	-3.80825e-08
-0.12165	-4.27959e-09
-0.22472	1.44668e-08
-0.335098	3.42606e-08
-0.533096	8.84553e-08
-0.58046	4.96269e-08
-0.573026	6.0121e-08
-0.845591	9.4837e-08
-1.07188	1.46668e-07
-0.886597	9.4025e-08
-0.35691	5.01902e-08
0.258194	-3.8184e-08
0.45572	-8.12349e-08
0.220899	-2.54631e-08
-0.0840082	8.49886e-09
-0.523164	7.17277e-08
-0.886186	1.5352e-07
-0.834308	1.19646e-07
-0.673976	1.17111e-07
-0.653276	1.22764e-07
-0.557555	1.23053e-07
-0.0239206	5.28848e-09
0.715183	-5.57639e-08
0.877948	-7.63677e-08
0.679366	-8.11887e-08
0.458606	-4.93756e-08
-0.286172	9.64948e-09
-0.80736	6.63237e-08
-0.399591	4.64941e-08
-0.320961	3.07138e-08
-0.756584	8.68393e-08
-0.676256	7.4649e-08
-0.492047	6.41559e-08
-0.852404	8.51077e-08
-1.44702	1.89737e-07
-1.70469	2.30821e-07
-1.3512	2.20798e-07
-0.771631	6.25651e-08
-0.201923	2.37041e-08
0.358758	-3.68296e-08
0.530328	-7.33705e-08
0.523522	-6.11178e-08
0.70266	-9.81147e-08
0.650551	-8.89313e-08
0.430193	-7.08768e-08
0.425465	-4.68721e-08
0.380279	-4.94058e-08
0.0843244	-7.83654e-09
-0.371479	6.21837e-08
-0.755494	1.0306e-07
-0.877258	1.41292e-07
-0.834997	1.33338e-07
-0.688833	1.33433e-07
-0.494003	4.40245e-08
-0.200219	2.08486e-08
0.266303	-2.4868e-08
0.404426	-4.26932e-08
0.23515	-1.51999e-08
0.337227	-3.65024e-08
0.317954	-3.52392e-08
-0.0394807	7.54958e-09
-0.485587	5.1197e-08
-1.28645	1.72419e-07
-1.92476	2.55973e-07
-1.93244	3.04133e-07
-1.90991	2.45546e-07
-1.58856	2.48077e-07
-0.857245	1.34549e-07
-0.546547	9.57616e-08
-0.371662	2.60154e-08
-0.249118	1.88077e-08
-0.857541	9.69883e-08
-1.42633	2.04525e-07
-1.17623	1.32127e-07
-0.882913	1.21474e-07
-1.08051	1.57282e-07
-1.17172	2.09846e-07
-0.565834	7.51817e-08
0.281942	-4.23309e-08
0.778446	-1.20213e-07
1.00413	-1.78241e-07
0.8186	-1.19394e-07
0.354344	-5.8676e-08
0.0301481	-6.28056e-09
-0.627048	1.27202e-07
-1.29083	9.58958e-08
-0.869852	9.00356e-08
-0.0282816	-5.6511e-10
0.43231	-5.88275e-08
0.881599	-8.11988e-08
1.21497	-1.3746e-07
1.27079	-1.4538e-07
1.03593	-1.46704e-07
0.0847616	2.99185e-09
-1.1782	1.61011e-07
-1.84353	2.50326e-07
-1.9761	3.2012e-07
-1.9104	2.46983e-07
-1.58111	2.38628e-07
-1.21266	1.80674e-07
-1.17263	2.04766e-07
-1.1128	1.03842e-07
-0.764517	9.18811e-08
-0.671854	7.5964e-08
-0.689232	9.04596e-08
-0.231371	1.53912e-08
0.174437	-3.30721e-08
0.344523	-4.96275e-08
0.843792	-1.40386e-07
1.4454	-1.68804e-07
1.89466	-2.79908e-07
2.17449	-3.27422e-07
1.99261	-3.5949e-07
1.63314	-2.60103e-07
1.29186	-2.53789e-07
0.74287	-1.62411e-07
0.413756	-1.06507e-07
0.363096	-4.3114e-08
0.199513	-1.9381e-08
0.297639	-2.01093e-08
0.622511	-7.58418e-08
0.83764	-9.49232e-08
1.28554	-1.89669e-07
1.38404	-2.04285e-07
0.384471	-5.91674e-08
-0.537452	8.41521e-08
-0.572215	1.01744e-07
-0.612992	9.51755e-08
-0.929327	1.56984e-07
-0.992339	1.38792e-07
-0.689233	1.11522e-07
-0.12024	6.65126e-09
0.420002	-1.00669e-07
0.772869	-1.09217e-07
1.12634	-1.86084e-07
1.2568	-2.08925e-07
1.2041	-2.34851e-07
1.43487	-2.36826e-07
1.44461	-2.64005e-07
1.05457	-1.79663e-07
1.03655	-1.9834e-07
1.03695	-1.40582e-07
0.666667	-1.08564e-07
0.655103	-1.12617e-07
0.818294	-1.60668e-07
0.730146	-1.2541e-07
1.04714	-2.15427e-07
1.83162	-3.76652e-07
2.23734	-5.22006e-07
1.77241	-3.10823e-08
0.723407	-2.83207e-08
-0.229923	1.07606e-08
-0.810079	5.49045e-08
-0.910296	3.95014e-08
-0.610521	4.54455e-08
-0.600205	4.82878e-08
-0.805828	9.04373e-08
-0.724876	4.83023e-08
-0.96858	8.5586e-08
-1.58151	1.27656e-07
-1.83218	1.90146e-07
-1.93575	1.42195e-07
-1.91035	1.88782e-07
-1.43963	1.44323e-07
-0.865922	1.12424e-07
-0.198448	1.01581e-08
0.21371	-1.18608e-08
-0.356834	3.05195e-08
-0.78521	7.72217e-08
-0.317174	2.10363e-08
-0.412584	4.40017e-08
-0.675613	7.13703e-08
0.464324	-5.62976e-08
1.34725	-9.79683e-08
0.571726	-6.0279e-08
-0.239923	2.09451e-08
-0.758411	9.43811e-08
-1.52865	1.49652e-07
-1.45911	1.79393e-07
-0.773992	9.02444e-08
-0.406787	5.67293e-08
0.503591	-2.70155e-08
1.59223	-1.19395e-07
1.3702	-9.87591e-08
0.476578	-4.12185e-08
-0.0579301	1.04685e-08
-0.393231	4.74242e-08
-0.46279	5.56623e-08
0.0805766	-5.45463e-09
0.774643	-5.58282e-08
0.498753	-5.01035e-08
-0.465627	4.37002e-08
-0.689234	7.73488e-08
-0.579876	4.39831e-08
-1.17857	1.40819e-07
-1.92902	2.41403e-07
-2.12595	3.24237e-07
-1.56532	1.09707e-07
-0.844317	7.80957e-08
-0.691586	6.17602e-08
-0.0486101	-3.6798e-09
1.26175	-1.36171e-07
1.83926	-2.37226e-07
2.17005	-2.75052e-07
2.25175	-3.41752e-07
1.23522	-1.12252e-07
0.963181	-1.11961e-07
1.73927	-2.12881e-07
1.39283	-2.02677e-07
0.866079	-9.9638e-08
1.41433	-2.09801e-07
1.72382	-2.57034e-07
1.51727	-2.68473e-07
1.27599	-5.65865e-08
1.01543	-6.90661e-08
0.993134	-6.81319e-08
0.790668	-7.36208e-08
0.301089	-1.28337e-08
0.30874	-2.31932e-08
0.468258	-4.50954e-08
0.264908	-3.55254e-08
0.165951	-1.54684e-08
0.164131	-2.11436e-08
0.159341	-1.8729e-08
0.420364	-5.35007e-08
0.499472	-5.07177e-08
0.0433772	-4.36135e-09
-0.348003	4.97702e-08
-0.350166	5.99075e-08
-0.146373	1.37878e-08
0.31691	-2.89586e-08
0.822035	-8.39501e-08
0.742651	-1.01476e-07
0.0611916	-1.34502e-08
-0.687092	8.2034e-08
-1.28293	1.60701e-07
-1.66693	2.60879e-07
-1.54364	1.66498e-07
-0.928702	1.31821e-07
-0.359415	5.81223e-08
-0.0367363	1.84511e-08
0.176722	-7.92832e-09
0.0385548	4.88669e-09
-0.468937	7.72739e-08
-0.867284	1.61794e-07
-1.04098	7.90764e-08
-0.935365	9.53517e-08
-0.314589	3.97223e-08
0.397298	-3.78489e-08
0.601658	-5.09078e-08
0.587149	-6.85041e-08
0.823801	-1.00803e-07
1.0349	-1.54628e-07
1.05656	-9.87402e-08
1.11617	-1.37028e-07
0.67603	-8.58038e-08
-0.290547	4.14814e-08
-0.511089	6.28714e-08
-0.276801	4.43789e-08
-0.571189	8.95837e-08
-0.651373	1.20669e-07
-0.540802	5.89369e-08
-0.864365	1.12744e-07
-1.12305	1.39395e-07
-1.59887	2.33401e-07
-2.18844	2.6115e-07
-1.86247	2.78469e-07
-1.18328	1.82906e-07
-0.558565	1.02532e-07
-0.108756	1.20759e-08
-0.731079	1.03219e-07
-1.32035	1.9133e-07
-1.16079	1.99315e-07
-1.56939	2.28154e-07
-1.55534	2.69759e-07
-0.0565332	5.86168e-09
1.48724	-3.1086e-07
2.2357	-1.08324e-07
2.15162	-1.64681e-07
2.16099	-1.69924e-07
2.93864	-3.0623e-07
2.97372	-2.31033e-07
2.74376	-2.89412e-07
3.52179	-3.64186e-07
3.56035	-4.5508e-07
2.871	-2.05528e-07
2.52792	-2.47805e-07
1.63305	-1.60925e-07
0.948956	-1.18193e-07
0.701563	-6.90622e-08
-0.314375	4.22722e-08
-0.74878	1.00218e-07
-0.373237	6.03314e-08
-0.708338	5.10901e-08
-1.24346	1.26214e-07
-1.62586	1.64317e-07
-1.73235	2.18115e-07
-1.44344	1.41673e-07
-1.93171	2.42097e-07
-2.49839	3.12521e-07
-2.03854	3.07675e-07
-1.64844	1.61062e-07
-1.40455	1.76828e-07
-1.1618	1.4776e-07
-1.09171	1.69548e-07
-0.333422	4.49056e-08
0.109351	-1.63024e-08
-0.734569	1.1069e-07
-1.70975	3.07055e-07
-2.70126	1.94994e-07
-2.81544	2.7747e-07
-1.05956	1.05328e-07
0.329251	-3.58206e-08
0.679711	-5.99427e-08
1.29465	-1.60332e-07
1.61802	-2.0763e-07
1.72503	-2.6886e-07
1.88943	-1.90581e-07
1.30304	-1.66707e-07
0.515831	-6.77095e-08
-0.0737205	6.03744e-09
-0.674839	7.94743e-08
-0.801888	1.24494e-07
-0.959492	1.53311e-07
-1.17828	2.14605e-07
-0.610182	5.83567e-08
-0.320481	3.80441e-08
-0.662836	7.7682e-08
-0.378485	4.53466e-08
-0.192507	1.00378e-08
-0.814328	1.13494e-07
-0.876174	1.26843e-07
-0.0456219	7.44703e-09
0.588943	-7.02699e-08
0.801254	-1.22363e-07
0.997692	-1.57497e-07
1.00634	-1.88139e-07
0.544352	-9.19823e-08
-0.130769	1.57584e-08
-0.94211	1.63372e-07
-1.74934	3.57422e-07
-1.54393	1.07714e-07
-0.295578	2.28423e-08
0.275945	-3.60904e-08
-0.122142	9.2e-09
0.205031	-1.99783e-08
1.22931	-1.46352e-07
1.2286	-1.42702e-07
0.506732	-6.72214e-08
0.583547	-5.05252e-08
1.08342	-1.33065e-07
1.05853	-1.31678e-07
0.82017	-1.25514e-07
0.852346	-1.13924e-07
1.16156	-1.86324e-07
1.30815	-2.05394e-07
0.703687	-1.30848e-07
-0.245447	2.13728e-08
-0.739147	9.76529e-08
-1.0288	1.33485e-07
-1.33023	2.01166e-07
-1.14217	1.43197e-07
-0.704444	1.10122e-07
-0.508272	8.18961e-08
-0.178397	4.29574e-08
0.075627	8.14206e-09
-0.201583	5.11185e-08
0.0134918	2.00849e-08
1.1623	-1.91234e-07
2.18417	-3.26173e-07
2.73674	-4.94401e-07
2.58893	-4.79601e-07
1.41405	-3.10568e-07
0.446501	-5.99833e-08
0.483876	-6.99151e-08
0.752185	-9.03487e-08
1.09625	-1.5327e-07
1.55813	-1.87446e-07
1.60342	-2.41343e-07
1.32089	-1.98167e-07
1.03089	-1.82783e-07
0.557144	-6.73359e-08
-0.361697	5.4565e-08
-1.58774	2.30474e-07
-2.21767	3.77994e-07
-1.81084	2.57388e-07
-1.48558	2.49831e-07
-1.81696	3.09819e-07
-1.82144	3.63484e-07
-1.36723	1.63004e-07
-1.41349	2.1014e-07
-2.06887	3.13737e-07
-2.87678	5.13853e-07
-3.14634	4.81656e-07
-2.31583	4.30464e-07
-1.57441	3.04107e-07
-1.55487	3.40612e-07
-0.761949	1.34889e-07
0.358267	-5.31919e-08
0.691703	-1.17464e-07
1.36682	-2.73995e-07
1.67389	-2.98749e-07
0.533179	-1.1159e-07
-0.227607	5.04638e-08
-0.535193	1.29524e-07
-1.20087	4.39268e-08
-1.23433	7.49193e-08
-1.37286	8.33509e-08
-1.91136	1.76738e-07
-1.53786	9.99771e-08
-1.33786	1.20311e-07
-1.70795	1.59548e-07
-1.40623	1.67823e-07
-1.05324	6.49774e-08
-0.726482	6.37097e-08
-0.0993919	6.44863e-09
0.0107757	-2.46171e-09
0.223197	-2.37639e-08
0.854725	-1.1273e-07
1.01566	-1.31352e-07
1.22855	-1.8415e-07
1.82041	-1.27493e-07
2.32222	-2.21879e-07
2.52031	-2.35881e-07
1.99958	-2.40841e-07
1.29023	-1.21443e-07
0.862166	-1.04982e-07
0.199554	-2.4746e-08
0.0235362	1.25202e-09
0.833449	-7.03077e-08
1.66684	-1.95188e-07
1.91778	-2.26667e-07
1.35678	-1.98891e-07
0.798377	-9.99719e-08
1.02228	-1.57516e-07
0.787742	-1.24581e-07
0.00245142	-3.309e-09
-0.168373	1.48133e-08
-0.296621	3.52224e-08
-0.731824	8.1129e-08
-0.875742	1.19177e-07
-0.468522	4.93807e-08
0.498816	-6.1309e-08
1.17801	-1.4298e-07
1.09721	-1.58965e-07
0.630292	-5.48319e-08
-0.341634	4.28586e-08
-1.12294	1.34818e-07
-1.29819	1.86182e-07
-1.85946	2.15726e-07
-2.27974	3.31081e-07
-2.09718	3.05056e-07
-2.32201	3.97668e-07
-2.338	2.11954e-07
-1.62749	1.92142e-07
-1.33491	1.58162e-07
-1.49608	2.16789e-07
-1.32093	1.57833e-07
-0.71998	1.10814e-07
-0.243654	4.30046e-08
-0.0968565	2.44396e-08
0.380522	-3.89304e-08
0.800887	-1.16285e-07
0.629787	-9.24628e-08
0.73758	-1.28601e-07
0.669752	-1.0029e-07
0.0808339	-1.09871e-08
0.543656	-9.28388e-08
1.49542	-3.03788e-07
1.4916	-9.97255e-08
1.39444	-1.28415e-07
1.64668	-1.56005e-07
1.86025	-2.24491e-07
2.01023	-1.87365e-07
1.70875	-1.99729e-07
0.82507	-8.70983e-08
-0.253504	4.37474e-08
-0.740631	7.23581e-08
-0.271041	3.88548e-08
-0.0393153	7.25982e-09
-0.221763	2.94002e-08
0.217355	-3.46688e-08
0.642114	-1.11096e-07
0.832089	-1.43044e-07
1.40754	-2.64678e-07
1.44	-1.51336e-07
0.79671	-1.03155e-07
0.514013	-6.729e-08
0.563261	-9.29148e-08
1.02822	-1.35362e-07
1.93049	-2.99041e-07
2.51083	-3.87367e-07
2.67298	-4.79457e-07
2.56558	-3.19187e-07
2.05724	-3.09514e-07
1.27284	-1.88201e-07
0.351562	-5.64851e-08
-0.496844	8.32224e-08
-1.41899	2.583e-07
-2.45006	4.35417e-07
-2.5058	5.1448e-07
-1.65882	1.65674e-07
-1.13757	1.44987e-07
-0.492399	7.10791e-08
0.351339	-3.91371e-08
0.436575	-4.67991e-08
0.580764	-8.04531e-08
1.09556	-1.53102e-07
1.05168	-1.77715e-07
1.00597	-1.20161e-07
0.533837	-7.72615e-08
-1.24598	1.85882e-07
-2.2886	3.9619e-07
-2.29146	3.33468e-07
-3.00194	5.23786e-07
-3.00759	5.27956e-07
-2.09876	4.27311e-07
-2.17446	2.6357e-07
-1.83829	2.63258e-07
-0.976892	1.29866e-07
-1.47224	2.39381e-07
-1.22443	1.63138e-07
0.498964	-9.76746e-08
1.01306	-1.81811e-07
0.667658	-1.37267e-07
0.176111	-2.60076e-08
-1.13217	1.94463e-07
-1.96541	3.37461e-07
-1.92408	3.83578e-07
-1.77583	3.04197e-07
-1.02024	2.00202e-07
-0.0587931	1.04828e-08
0.31392	-7.1121e-08
0.0265383	3.58303e-09
-1.0736	1.12781e-07
-1.90907	1.89355e-07
-1.77673	2.20592e-07
-1.70473	1.58586e-07
-1.74656	1.98989e-07
-1.37263	1.53044e-07
-0.562109	7.65498e-08
0.302936	-2.96872e-08
0.063766	-2.72572e-09
-0.79172	1.04647e-07
-0.870029	1.32559e-07
-0.650534	7.72362e-08
0.170433	-2.89932e-08
1.63466	-2.48723e-07
1.61879	-2.88749e-07
0.696218	-6.9356e-08
0.586661	-7.18869e-08
0.275028	-3.0367e-08
0.00777325	-6.48888e-10
0.786021	-1.03497e-07
1.49911	-2.31699e-07
1.71094	-2.60158e-07
1.53106	-2.74523e-07
0.648806	-8.32287e-08
-0.191089	2.83533e-08
-0.511835	7.96325e-08
-0.49343	9.01079e-08
-0.37161	5.60747e-08
-0.884776	1.55766e-07
-1.30131	2.30956e-07
-0.642629	1.36304e-07
-0.490295	5.4017e-08
-1.02426	1.30606e-07
-0.502459	6.81055e-08
0.207166	-1.91408e-08
0.226595	-1.59696e-08
0.421725	-5.22179e-08
0.0940299	-2.17666e-09
-0.686213	1.3109e-07
-0.022108	8.91763e-09
1.48501	-2.21007e-07
2.33356	-3.54397e-07
2.4907	-4.5072e-07
1.43658	-2.23596e-07
-0.0961894	2.09494e-08
-0.312038	6.27185e-08
-0.19353	3.72773e-08
-0.671029	7.00739e-08
-0.588041	7.16165e-08
-0.210341	1.02616e-08
-0.254228	1.91722e-08
-0.539459	5.72931e-08
-1.39398	2.3407e-07
-1.95865	3.42989e-07
-1.20189	2.43799e-07
-0.443363	7.18519e-08
-0.25468	5.45535e-08
0.133718	-1.66037e-08
0.593781	-1.12395e-07
1.26227	-2.14845e-07
1.66095	-3.38201e-07
0.642168	-1.3536e-07
-0.324998	6.91406e-08
0.0499886	-1.39689e-08
0.24836	-3.54627e-08
0.318802	-4.40511e-08
1.52657	-2.3711e-07
2.71274	-3.30583e-07
2.74705	-3.94496e-07
2.32836	-3.32213e-07
1.9306	-3.27754e-07
1.37321	-1.61451e-07
0.769936	-1.16499e-07
0.694376	-1.05739e-07
0.968701	-1.779e-07
0.479552	-9.18697e-08
-0.509393	6.79211e-08
-0.878504	1.3743e-07
-0.92347	1.70136e-07
-0.963074	1.02847e-07
-0.747251	1.01727e-07
-0.486863	5.72705e-08
-0.0990042	-7.507e-09
0.399293	-8.27695e-08
0.918049	-1.76093e-07
1.85749	-3.34112e-07
2.08768	-4.18989e-07
0.798789	-1.00967e-07
0.0144894	2.0881e-08
0.103786	2.80686e-09
-0.583878	1.32673e-07
-1.61559	2.90106e-07
-2.40419	4.84278e-07
-2.84424	5.65528e-07
-1.79438	4.0286e-07
0.267729	-3.57345e-08
1.5198	-2.23386e-07
1.41696	-1.94363e-07
0.309775	-2.62343e-08
-0.73556	1.36486e-07
-1.04277	2.11891e-07
-1.08283	2.2044e-07
-0.748722	1.73441e-07
-0.173196	4.36757e-08
-0.199283	5.11925e-08
-0.47411	8.61621e-08
-0.538735	9.57106e-08
-0.616643	9.06511e-08
-0.519919	8.95783e-08
-0.222423	2.74708e-08
0.206779	-6.50881e-08
0.84324	-1.4208e-07
1.24992	-2.36451e-07
1.22837	-2.34108e-07
1.09237	-2.40656e-07
0.948435	-1.83097e-07
0.821175	-1.69944e-07
1.07458	-2.10274e-07
1.92507	-4.31889e-07
2.18931	-3.74538e-07
1.13294	-2.22429e-07
0.542329	-1.05455e-07
0.937427	-2.08589e-07
0.900304	-1.76971e-07
0.894082	-1.9939e-07
1.11254	-2.43124e-07
0.567958	-1.29047e-07
0.0639937	-5.17892e-10
-0.0934938	4.60945e-09
-0.72948	3.00225e-08
-1.0874	7.31811e-08
-0.706559	2.85789e-08
-0.410374	2.78477e-08
-0.453444	3.03626e-08
-0.405378	3.84603e-08
0.241691	-8.45764e-09
1.17879	-7.89348e-08
1.89669	-1.27906e-07
2.72757	-2.58527e-07
3.4548	-2.36354e-07
3.85962	-3.6619e-07
4.49486	-4.25375e-07
4.83194	-5.86232e-07
4.17229	-1.71615e-07
3.00169	-2.04231e-07
2.00501	-1.37226e-07
1.56874	-1.51055e-07
1.09833	-7.84229e-08
0.210543	-2.22013e-08
-0.209183	1.97288e-08
-0.416726	5.23553e-08
-0.955604	6.86394e-08
-1.13056	1.09189e-07
-1.13421	1.07157e-07
-1.06841	1.28802e-07
-0.52987	4.79888e-08
-0.500341	5.78123e-08
-1.1572	1.37751e-07
-1.55539	2.29908e-07
-1.83549	7.60132e-08
-2.18303	1.49047e-07
-2.55792	1.75369e-07
-2.93953	2.81636e-07
-2.97351	2.0303e-07
-2.7144	2.56966e-07
-1.8615	1.78069e-07
-0.47231	6.02954e-08
-0.0826779	8.43393e-09
-0.646154	6.14424e-08
-0.793347	7.18955e-08
-0.641769	7.2497e-08
-0.399104	3.14056e-08
-0.0850671	4.89557e-09
-0.164624	1.66966e-08
-0.149717	2.06441e-08
0.737537	-5.22539e-08
1.80817	-1.71885e-07
1.42713	-1.3753e-07
-0.100978	4.21684e-09
-0.462964	3.51899e-08
0.210666	-2.92286e-08
0.445974	-5.44698e-08
0.852452	-1.23212e-07
1.19978	-1.07898e-07
0.835722	-9.85691e-08
0.757654	-9.00272e-08
0.648437	-9.41991e-08
-0.000961584	-8.4707e-10
-0.458282	6.61441e-08
-0.950748	1.38911e-07
-1.12802	1.95538e-07
-0.394571	1.56251e-08
0.191409	-1.1712e-08
0.173399	-1.09866e-08
-0.14257	1.51636e-08
-0.29906	2.44063e-08
0.125134	-4.72582e-09
0.239562	-1.56053e-08
0.145939	-1.2827e-08
0.42517	-2.39262e-08
0.0626955	-1.98846e-09
-0.0461014	7.06308e-09
0.706417	-8.38608e-08
0.429751	-4.15055e-08
0.0815891	-1.20608e-08
0.63424	-7.87314e-08
0.592029	-9.01797e-08
0.680983	-4.89591e-08
0.598679	-5.61839e-08
-0.948784	8.88091e-08
-1.67188	1.9879e-07
-1.32151	1.22042e-07
-1.64971	1.99756e-07
-1.11651	1.36899e-07
0.449945	-6.10953e-08
1.18151	-1.02822e-07
1.33811	-1.54552e-07
1.55949	-1.81658e-07
1.96	-2.81856e-07
2.24577	-2.65197e-07
1.86025	-2.72022e-07
1.7414	-2.58581e-07
2.28728	-4.00391e-07
2.33149	-1.57993e-07
1.97846	-1.86676e-07
1.96836	-1.80368e-07
1.88069	-2.17544e-07
1.04384	-9.1384e-08
0.16505	-1.48772e-08
0.597246	-6.58012e-08
1.33781	-1.92053e-07
0.9612	-8.52046e-08
0.805367	-9.40467e-08
1.45154	-1.78187e-07
1.49709	-2.28974e-07
0.741254	-9.81775e-08
0.194052	-3.6365e-08
0.701082	-1.10213e-07
1.49559	-2.65042e-07
1.06879	-1.05929e-07
0.248491	-3.67083e-08
0.0178596	-1.08201e-08
-0.326566	3.39652e-08
-0.439389	3.86973e-08
0.0492901	-1.19599e-08
0.311027	-4.42651e-08
0.202286	-3.15993e-08
0.00856017	4.3931e-09
0.0391389	-4.41695e-09
0.282618	-4.23431e-08
0.0450482	-6.90468e-09
-0.384297	5.46267e-08
-0.503548	8.49675e-08
-0.647743	1.13921e-07
-0.425981	8.89497e-08
0.138573	-2.71338e-09
0.120561	-7.06298e-09
-0.222606	1.22607e-08
-0.327956	2.77411e-08
-0.356603	1.9539e-08
-0.47688	3.81805e-08
-0.694648	6.06131e-08
-0.775141	9.46653e-08
-0.893374	6.61706e-08
-1.30021	1.28188e-07
-1.33974	1.30025e-07
-0.859875	1.0676e-07
-0.368524	3.53464e-08
0.108812	-1.23699e-08
0.571186	-6.51049e-08
1.05404	-1.49701e-07
1.13555	-7.24885e-08
0.2816	-2.40286e-08
-0.510629	4.75206e-08
-0.828609	9.60129e-08
-1.37718	1.23368e-07
-1.53385	1.78884e-07
-1.36376	1.58324e-07
-1.62275	2.34151e-07
-1.3041	1.2025e-07
-0.581221	6.97307e-08
-0.777281	9.3483e-08
-1.00977	1.48051e-07
-0.439422	5.21715e-08
0.348071	-5.25203e-08
1.12232	-1.67493e-07
1.64606	-2.87153e-07
1.55561	-1.05818e-07
1.0183	-9.86637e-08
0.597958	-5.49549e-08
0.732517	-8.19435e-08
1.04667	-9.29644e-08
1.01886	-1.18946e-07
0.604619	-6.97659e-08
-0.122543	1.92132e-08
-0.83807	7.93931e-08
-1.67152	2.00183e-07
-2.85706	3.39149e-07
-3.43024	4.96365e-07
-3.01743	3.52659e-07
-2.36457	3.407e-07
-1.79081	2.59952e-07
-1.71107	2.93032e-07
-1.87371	1.67931e-07
-1.4281	1.65952e-07
-1.03959	1.17599e-07
-1.04238	1.4155e-07
-0.811608	8.54502e-08
-0.713734	9.55585e-08
-0.567768	7.67144e-08
-0.257866	4.33083e-08
-0.842433	1.05076e-07
-1.66394	2.47963e-07
-1.9735	2.93068e-07
-2.65644	4.65426e-07
-2.95078	4.3597e-07
-2.15317	3.74777e-07
-1.50023	2.58974e-07
-0.924465	1.8214e-07
-0.104899	4.79855e-09
0.038098	-2.48322e-09
-0.0642032	6.77358e-09
0.510739	-5.96745e-08
1.29023	-1.12688e-07
1.69307	-1.88436e-07
1.7734	-1.97109e-07
1.87204	-2.63195e-07
1.903	-1.69541e-07
1.49538	-1.74877e-07
1.25446	-1.46506e-07
1.58792	-2.29825e-07
1.62087	-1.96003e-07
1.06832	-1.61284e-07
0.292587	-4.72141e-08
-0.615223	1.01441e-07
-0.977984	8.45217e-08
-0.521034	5.88752e-08
-0.239105	2.23606e-08
-0.354429	4.01497e-08
-0.290413	2.53475e-08
-0.319055	4.37425e-08
-0.744694	1.1155e-07
-1.18462	2.15768e-07
-1.45383	1.90443e-07
-1.66484	2.59471e-07
-1.63594	2.54081e-07
-1.11856	2.05933e-07
-0.700067	1.08837e-07
-1.17702	2.02338e-07
-1.97562	3.32877e-07
-2.43857	4.7881e-07
-2.95897	2.70613e-07
-3.04914	3.66281e-07
-2.20357	2.74163e-07
-1.60046	2.50615e-07
-1.44792	1.859e-07
-1.04561	1.65751e-07
-1.13293	1.80847e-07
-1.60675	2.90779e-07
-1.36308	1.73918e-07
-1.01562	1.5498e-07
-0.840521	1.18426e-07
0.05599	-2.27322e-08
1.16676	-1.84716e-07
1.83384	-3.29858e-07
2.32959	-4.14508e-07
2.4122	-4.89573e-07
2.2895	-2.79288e-07
2.36031	-3.51438e-07
1.63768	-2.48646e-07
0.320666	-6.95973e-08
0.148712	-3.42602e-08
0.455075	-7.9077e-08
-0.265442	5.41515e-08
-0.989606	2.09178e-07
-0.98752	1.58583e-07
-1.03026	1.8722e-07
-0.921235	1.64619e-07
-0.535006	1.14795e-07
-0.526988	9.53944e-08
-0.544901	1.09829e-07
-0.260813	5.71186e-08
-0.270691	6.78739e-08
-0.748837	2.00634e-08
-1.42985	8.25206e-08
-1.71262	1.00535e-07
-1.03848	8.50275e-08
-0.133467	-7.38311e-10
0.1311	-2.1724e-08
-0.000649548	-9.52386e-09
-0.187595	1.43172e-08
-0.413832	1.9879e-08
-0.616185	4.97615e-08
-0.493381	4.08071e-08
-0.0806253	7.17348e-09
-0.165789	1.28961e-08
-0.49158	5.55358e-08
-0.0533292	5.57602e-09
0.48906	-6.7545e-08
0.59487	-3.43658e-08
0.840467	-6.96754e-08
0.825968	-6.61406e-08
0.495011	-5.35114e-08
0.624422	-5.57953e-08
0.950508	-1.11479e-07
1.37545	-1.63654e-07
1.94103	-2.79947e-07
1.78611	-1.5518e-07
1.09755	-1.18735e-07
0.62696	-6.18196e-08
0.181944	-1.73355e-08
0.0909489	-6.51696e-09
0.637872	-8.79232e-08
0.997032	-1.41573e-07
1.06561	-1.81415e-07
1.37458	-8.5343e-08
1.41591	-1.25648e-07
0.77477	-6.79537e-08
0.276896	-2.92902e-08
0.351515	-2.98653e-08
0.543963	-6.04075e-08
0.861436	-9.4312e-08
1.08	-1.46958e-07
0.697179	-5.47512e-08
0.313474	-3.53533e-08
0.120448	-1.95066e-08
-0.224613	2.34175e-08
-0.0661686	-5.82693e-09
0.255877	-5.06754e-08
0.0335106	-1.63494e-08
0.0454484	-2.17799e-08
-0.0709857	-9.84768e-09
-0.649946	6.50927e-08
-0.47929	4.63596e-08
-0.287915	2.8436e-08
-0.719063	7.42864e-08
-0.403291	5.68325e-08
0.153059	-1.85347e-08
0.0516984	-3.02787e-09
-0.109092	2.12808e-08
-0.399352	6.407e-08
-0.478908	7.38692e-08
0.0177685	1.72859e-09
0.434464	-6.11594e-08
0.959136	-1.63615e-07
1.36416	-2.29981e-07
1.26746	-2.44223e-07
1.62138	-9.61448e-08
1.74654	-1.5126e-07
0.920883	-7.77009e-08
0.603451	-6.28715e-08
0.722387	-5.45836e-08
0.725358	-7.11302e-08
1.03669	-1.08912e-07
0.845141	-1.18666e-07
0.542039	-5.07545e-08
1.12168	-1.30464e-07
1.08294	-1.25955e-07
0.117396	-1.73965e-08
-0.493439	5.76467e-08
-0.912438	1.29468e-07
-1.19065	1.69199e-07
-1.21394	2.09139e-07
-1.18653	1.10468e-07
-0.75774	9.30129e-08
-0.379788	4.70987e-08
-0.39171	5.54677e-08
-0.104053	1.19502e-08
0.0719034	-6.20317e-09
-0.283669	4.93181e-08
-0.689705	1.31352e-07
-1.27443	1.66704e-07
-1.77636	2.72411e-07
-1.58422	2.41555e-07
-1.09859	1.97194e-07
-0.798837	1.22181e-07
-0.585094	1.01274e-07
0.0354011	-1.43615e-08
0.933592	-1.925e-07
1.09495	-1.02304e-07
0.963337	-1.14774e-07
1.38112	-1.57557e-07
1.33566	-1.80976e-07
0.826601	-8.94779e-08
0.926422	-1.27925e-07
1.00208	-1.35163e-07
0.676925	-1.07756e-07
0.458431	-4.74309e-08
-0.0552585	1.16432e-08
-0.732425	9.83295e-08
-0.776285	1.14863e-07
-0.632826	7.09353e-08
-0.89624	1.32453e-07
-0.93318	1.41778e-07
-0.315237	5.20612e-08
0.0739038	-2.0359e-08
-0.342665	3.56331e-08
-0.743142	9.3246e-08
-0.698822	9.82765e-08
-0.635659	7.13106e-08
-0.445364	7.26633e-08
-0.126931	2.72277e-08
-0.0134876	8.77945e-09
0.326497	-4.16142e-08
0.87765	-1.55135e-07
0.644919	-1.22172e-07
-0.146974	1.86775e-08
-0.340934	4.614e-08
-0.13008	1.75883e-08
-0.338611	6.84687e-08
-0.823718	1.91313e-07
-1.21158	8.54814e-08
-1.61049	1.52684e-07
-2.02853	1.84145e-07
-2.23239	2.60722e-07
-2.34716	2.07857e-07
-2.74136	3.10247e-07
-2.83616	3.22748e-07
-1.63956	2.3544e-07
0.0501988	1.05114e-09
0.748606	-8.34863e-08
0.622498	-7.15579e-08
0.289801	-4.28331e-08
0.0270676	-7.74744e-09
0.106184	-1.78127e-08
-0.0354815	9.80246e-09
-0.572275	1.05184e-07
-0.700645	6.79173e-08
-0.621471	7.84031e-08
-0.606423	7.58545e-08
-0.460773	6.67382e-08
-0.884808	1.02976e-07
-1.47823	2.14893e-07
-1.13422	1.65984e-07
-0.759272	1.30979e-07
-0.552458	6.60447e-08
0.52556	-7.45838e-08
1.40788	-2.02193e-07
1.20175	-2.04939e-07
1.12234	-1.6157e-07
1.49943	-2.58766e-07
1.69569	-2.944e-07
1.71637	-3.39432e-07
1.41519	-1.27534e-07
0.609671	-7.35342e-08
-0.0076021	5.02393e-09
-0.0626804	2.13271e-08
-0.293054	4.59869e-08
-0.75671	1.20442e-07
-0.85673	1.33332e-07
-1.21744	2.1236e-07
-1.99615	2.38451e-07
-2.1208	3.11207e-07
-2.00832	2.92888e-07
-2.20426	3.76323e-07
-1.75787	2.47776e-07
-0.929189	1.54538e-07
-0.586514	9.88086e-08
-0.451231	8.38361e-08
-0.438817	3.89929e-08
-0.319404	3.23581e-08
-0.028251	-1.39341e-08
-0.425676	4.91272e-08
-0.907897	1.08105e-07
-0.551251	7.53224e-08
-0.42108	5.67099e-08
-0.683625	1.27228e-07
-0.587932	8.57219e-08
-0.585227	1.04517e-07
-0.410354	7.58655e-08
0.361389	-6.3176e-08
0.684732	-1.07747e-07
0.338528	-6.09377e-08
-0.0446906	7.73037e-09
-0.340972	6.98945e-08
-0.240733	1.41893e-08
-0.184558	1.85519e-08
-0.933945	1.08552e-07
-1.46485	2.14548e-07
-1.1171	1.47575e-07
-0.78967	1.41314e-07
-0.509265	9.96167e-08
-0.128439	4.19454e-08
-0.0451127	1.72979e-08
0.426621	-5.98655e-08
1.35268	-1.96133e-07
1.39533	-2.40728e-07
0.783721	-1.24632e-07
0.514832	-1.05484e-07
0.26343	-6.04761e-08
-0.0730062	-8.40388e-10
-0.330087	2.40271e-08
-0.897791	1.21443e-07
-1.52884	2.10991e-07
-1.80816	2.94331e-07
-1.84747	2.56407e-07
-1.51068	2.57769e-07
-0.905084	1.62989e-07
-0.192392	5.60389e-08
0.763938	-8.83043e-08
1.12294	-1.71447e-07
0.50972	-6.71659e-08
0.103538	-7.1465e-09
-0.163856	3.03864e-08
-0.916016	1.71995e-07
-1.17147	2.11723e-07
-0.634418	1.26041e-07
0.0213583	-7.42567e-09
0.783149	-1.08759e-07
1.28947	-1.71011e-07
1.31119	-2.0495e-07
1.3532	-1.83035e-07
1.30812	-2.1178e-07
1.20991	-1.93427e-07
1.38993	-2.67207e-07
1.49169	-2.08376e-07
1.52625	-2.56623e-07
1.39354	-2.46508e-07
0.683949	-1.55112e-07
0.235452	-6.20554e-08
0.17236	-5.26448e-08
-0.303133	4.4866e-08
-0.468551	9.60372e-08
-0.445183	5.99412e-08
-1.04442	1.76906e-07
-0.961917	1.60705e-07
-0.184228	2.81162e-08
-0.0274553	-1.2663e-09
0.422268	-7.78534e-08
1.24853	-2.32732e-07
1.30182	-2.72621e-07
1.21628	-1.85715e-07
1.14375	-2.13405e-07
0.713948	-1.33217e-07
0.668038	-1.373e-07
0.748001	-1.38568e-07
0.475943	-9.91235e-08
0.402821	-7.55657e-08
0.603301	-1.35902e-07
1.06265	-2.63316e-08
1.29199	-7.63643e-08
0.463421	-3.30471e-08
-0.325201	1.97612e-08
-0.125229	-1.45055e-09
0.159534	-1.91473e-08
0.372261	-3.53901e-08
0.84244	-9.80058e-08
1.1855	-7.04444e-08
1.24232	-1.0932e-07
1.07216	-1.00723e-07
0.738523	-9.61606e-08
0.23153	-3.61395e-08
-0.179364	4.53943e-09
0.151971	-2.94874e-08
0.611164	-9.48391e-08
0.618102	-4.29638e-08
1.0849	-9.7334e-08
1.46694	-1.36468e-07
0.916302	-1.18006e-07
0.742949	-7.46037e-08
1.02139	-1.23795e-07
0.774235	-9.48278e-08
0.53251	-7.30221e-08
0.37971	-2.57464e-08
0.164768	-1.93413e-08
0.451908	-5.97637e-08
0.790127	-1.24232e-07
0.614577	-8.88863e-08
0.221468	-4.93231e-08
-0.152139	8.39393e-09
-0.22447	2.98893e-08
-0.0270641	1.29366e-09
0.186149	-9.28925e-09
0.499656	-3.58039e-08
0.677652	-7.21103e-08
0.708333	-6.08784e-08
0.903939	-1.0402e-07
0.79521	-9.01959e-08
0.132586	-1.46542e-08
-0.470156	4.99775e-08
-0.553005	6.93477e-08
-0.462795	4.88101e-08
-0.993372	1.30569e-07
-1.54772	1.6759e-07
-1.03055	1.3391e-07
-0.484704	5.34948e-08
-0.732589	1.09107e-07
-0.904623	6.76968e-08
-0.869539	9.12975e-08
-0.708002	7.17555e-08
-0.264267	2.74492e-08
-0.0537234	4.17389e-09
-0.0256698	1.15378e-08
0.110737	-2.12729e-09
0.241198	-2.33053e-08
0.577615	-5.11323e-08
0.801378	-1.0267e-07
0.778563	-9.6248e-08
1.15846	-1.82115e-07
1.40063	-1.9148e-07
1.05953	-1.6824e-07
0.850046	-1.29069e-07
0.582958	-1.02004e-07
0.124234	2.68333e-09
0.0177728	1.02686e-08
0.0353233	7.8888e-09
0.169909	-9.80334e-09
0.454219	-3.1661e-08
0.129423	-6.13288e-09
-0.559811	7.22021e-08
-0.837911	1.23107e-07
-0.997853	9.12014e-08
-1.13367	1.33002e-07
-0.794984	9.41359e-08
-0.168775	2.76617e-08
0.333372	-3.73816e-08
0.807382	-1.17559e-07
1.18368	-1.71388e-07
1.04015	-1.77732e-07
0.628031	-5.71419e-08
0.417359	-4.56205e-08
0.170993	-1.67658e-08
-0.0794226	9.44763e-09
-0.0532515	-7.02977e-10
-0.103258	4.99123e-09
-0.299861	3.27987e-08
-0.171427	2.25121e-08
0.264161	-3.10741e-08
0.462503	-6.11072e-08
0.306008	-3.55427e-08
0.430039	-6.27678e-08
0.817808	-1.0511e-07
0.784937	-1.2591e-07
0.663579	-1.13982e-07
0.649135	-1.31646e-07
0.287414	-3.19415e-08
0.165459	-2.53477e-08
0.510672	-5.61822e-08
0.655764	-8.19833e-08
0.720858	-7.41177e-08
0.586798	-7.70657e-08
0.112422	-7.69776e-09
0.0467762	2.9495e-09
0.232919	-1.42032e-08
0.242077	-2.37824e-08
0.407846	-5.60024e-08
0.633357	-1.16264e-07
0.991074	-1.52378e-07
1.39076	-2.42976e-07
1.19632	-2.11145e-07
1.12568	-2.28208e-07
1.6216	-1.94943e-07
1.56036	-2.33252e-07
0.978858	-1.55415e-07
0.406369	-9.44368e-08
-0.388315	2.51891e-08
-0.757141	1.10931e-07
-0.431496	6.78472e-08
-0.604909	1.19285e-07
-1.4164	2.0613e-07
-1.66716	2.7595e-07
-1.23001	1.93242e-07
-1.03386	1.89332e-07
-1.00421	1.50702e-07
-0.544491	8.73824e-08
-0.171855	2.96697e-08
-0.28657	7.30176e-08
-0.536835	4.71991e-08
-0.896574	9.20891e-08
-1.15072	1.11441e-07
-1.12455	1.44061e-07
-1.18543	1.18893e-07
-1.12523	1.40052e-07
-0.770196	1.05882e-07
-0.468674	9.07184e-08
-0.125848	3.67457e-08
0.150698	4.55491e-09
0.196103	-1.00607e-08
0.349579	-4.3139e-08
0.483018	-5.26611e-08
0.546423	-8.09241e-08
0.654881	-9.71345e-08
0.380041	-6.63097e-08
0.153941	-2.06649e-08
0.540258	-7.25606e-08
0.754279	-1.01249e-07
0.608803	-1.04064e-07
0.58585	-8.40518e-08
0.368848	-7.14481e-08
-0.13858	-2.17698e-09
-0.509773	6.82982e-08
-0.552488	5.0535e-08
-0.374489	4.33443e-08
-0.223445	2.45107e-08
-0.0430619	1.01503e-09
0.109079	-1.63076e-08
-0.116522	2.11203e-08
-0.391388	6.02605e-08
-0.35247	5.66263e-08
-0.257866	1.37972e-09
-0.174378	-3.98502e-09
-0.033454	-4.93721e-09
0.255636	-3.01176e-08
0.564461	-5.584e-08
0.283507	-2.92127e-08
-0.242691	4.45221e-08
-0.148251	3.40275e-08
0.174228	-9.2622e-09
0.357269	-4.48959e-08
0.563362	-8.1659e-08
0.540676	-9.99628e-08
0.667975	-1.09335e-07
1.36169	-2.41515e-07
1.69725	-2.9647e-07
1.32698	-2.73029e-07
1.09572	-1.39162e-07
1.0962	-1.66472e-07
0.903323	-1.443e-07
0.599672	-1.20025e-07
0.243942	-5.1823e-08
-0.131078	5.23221e-09
-0.123583	7.26747e-09
0.275882	-5.68876e-08
0.45082	-5.82349e-08
0.126086	-1.60007e-08
-0.447961	8.03829e-08
-0.917731	1.84469e-07
-1.00538	1.69994e-07
-0.803783	1.51982e-07
-0.531954	9.2664e-08
-0.351562	6.15668e-08
-0.651675	4.38272e-08
-1.25101	1.4118e-07
-1.38979	1.60311e-07
-1.20286	1.69421e-07
-1.10286	1.34339e-07
-0.844864	1.42259e-07
-0.560229	1.03924e-07
-0.507235	1.02108e-07
-0.375793	5.6902e-08
-0.190259	3.97345e-08
-0.232572	4.40391e-08
-0.380325	7.22408e-08
-0.427769	6.30266e-08
-0.203589	3.56577e-08
0.179422	-2.64465e-08
0.344623	-6.80839e-08
0.544682	-7.0472e-08
1.06	-1.57423e-07
1.35985	-2.04589e-07
1.35807	-2.49094e-07
1.45662	-2.24422e-07
1.39769	-2.46547e-07
1.1404	-1.98444e-07
1.12123	-2.15903e-07
1.29086	-1.72189e-07
1.6203	-2.63871e-07
1.9464	-3.1722e-07
1.63665	-3.02657e-07
1.021	-1.53399e-07
0.671837	-1.16663e-07
0.0387741	-2.31862e-09
-0.813526	1.77428e-07
-1.09819	1.19969e-07
-0.85914	1.21244e-07
-0.288819	5.27492e-08
0.251346	-2.10229e-08
0.0147229	1.88904e-08
-0.689605	1.36224e-07
-1.1008	2.05456e-07
-1.20894	2.52922e-07
-1.10904	1.70034e-07
-1.09681	1.8664e-07
-1.38298	2.15275e-07
-1.34984	2.32605e-07
-0.941856	1.29728e-07
-0.89506	1.50536e-07
-1.0597	1.81401e-07
-1.00491	2.01236e-07
-0.882406	1.09084e-07
-0.486869	6.67556e-08
0.302007	-7.25724e-08
0.888495	-2.05477e-07
1.24679	-2.42539e-07
1.67522	-3.41745e-07
1.63288	-3.20483e-07
1.03052	-2.28435e-07
0.648579	-1.01386e-07
0.593527	-1.05832e-07
0.538346	-9.63199e-08
0.414115	-7.56805e-08
0.20749	-2.68608e-08
0.10827	-2.24144e-08
0.0878795	-1.88706e-08
-0.060613	1.53644e-08
-0.141446	-1.14099e-08
-0.208801	-5.10491e-09
-0.267547	-2.24526e-09
-0.044732	-2.30325e-08
-0.05015	-1.92488e-08
-0.300961	1.28947e-08
-0.0979241	-1.20178e-08
-0.0689248	-1.07857e-08
-0.481834	2.50341e-08
-0.35489	2.80894e-08
0.0968058	-1.64844e-08
0.296178	-4.53579e-08
0.425417	-5.19387e-08
0.389643	-5.65509e-08
0.344797	-4.70723e-08
0.440576	-6.44029e-08
0.334921	-1.36955e-08
0.362412	-1.79218e-08
0.809782	-6.46749e-08
1.08523	-1.34106e-07
0.83898	-8.54188e-08
0.276189	-3.10877e-08
-0.161127	2.50457e-08
-0.227075	4.40833e-08
-0.0114713	2.00179e-08
0.427315	-3.52117e-08
0.627869	-6.27209e-08
0.2818	-3.04916e-08
-0.111814	2.25787e-08
-0.518266	9.59565e-08
-0.918004	1.60639e-07
-0.832376	1.63104e-07
-0.671053	6.29779e-08
-0.543625	6.78677e-08
0.0191564	-6.25987e-10
0.250483	-3.60418e-08
-0.178469	1.97076e-08
-0.367748	5.87362e-08
-0.212831	4.51905e-08
-0.0740927	2.93234e-08
-0.148217	2.97158e-08
-0.456781	6.37193e-08
-0.520586	6.05767e-08
-0.483477	6.13125e-08
-0.723394	7.29799e-08
-0.75061	9.51501e-08
-0.703643	9.03077e-08
-0.941541	1.51188e-07
-0.724223	4.85005e-08
-0.0891092	-1.29701e-08
0.131242	-4.01855e-08
0.244243	-6.63393e-08
0.5569	-1.01177e-07
0.530317	-9.72223e-08
0.255748	-4.06773e-08
0.166491	-2.73105e-08
0.0607897	2.7714e-09
-0.0529331	2.11996e-08
0.0245114	3.87555e-09
0.0800626	-7.10376e-09
0.210296	-3.00552e-08
0.344247	-6.5806e-08
-0.0217917	1.28072e-08
-0.355456	9.71356e-08
-0.221487	4.04137e-08
-0.234397	4.87453e-08
-0.185149	4.21662e-08
0.0945027	1.00477e-08
0.0347802	2.30312e-08
0.0189306	2.54885e-08
-0.00465691	2.3238e-08
-0.611	1.08623e-07
-0.863819	9.64977e-08
-0.52847	7.99561e-08
-0.584379	8.77735e-08
-0.753104	1.24629e-07
-0.74295	1.03709e-07
-0.932517	1.54409e-07
-1.09164	1.80825e-07
-1.04131	2.08651e-07
-0.850169	1.05656e-07
-0.616022	9.45982e-08
-0.545118	8.22244e-08
-0.397642	6.72365e-08
-0.209569	3.35976e-08
-0.374827	7.6885e-08
-0.549481	1.12162e-07
-0.495255	1.21404e-07
-0.355066	7.67299e-08
-0.0423227	2.84782e-08
0.209686	-2.01962e-08
0.336637	-5.83441e-08
0.564752	-9.52108e-08
0.521344	-1.12884e-07
0.167507	-5.8156e-08
0.0254032	-2.89633e-08
0.0953238	-2.43221e-08
0.25556	-4.59603e-08
0.451808	-6.24543e-08
0.396475	-5.27815e-08
0.209685	-2.03589e-08
0.333901	-4.63589e-08
0.580193	-7.9034e-08
0.410916	-6.39104e-08
0.155169	-8.95263e-09
0.458231	-7.17531e-08
0.851858	-1.63118e-07
0.780924	-1.90179e-07
0.649144	-1.48098e-07
0.708143	-1.81687e-07
0.740031	-1.85001e-07
0.444233	-1.23917e-07
-0.221889	4.69397e-09
-0.598514	7.16002e-08
-0.44671	5.02291e-08
-0.289356	2.10503e-08
-0.184234	-1.95001e-09
-0.229387	4.16709e-08
-0.534445	1.15291e-07
-0.562184	1.33651e-07
-0.496893	8.86896e-08
-0.782822	1.39291e-07
-0.80054	1.29515e-07
-0.425024	6.76808e-08
-0.214041	1.37909e-08
-0.131149	1.0969e-08
-0.0534373	9.64444e-09
0.0768368	-1.53447e-08
0.327369	-2.53024e-08
0.442569	-5.58902e-08
0.419674	-6.60192e-08
0.309296	-6.31191e-08
-0.07284	-1.53561e-08
-0.356017	1.75358e-08
-0.366113	2.32516e-08
-0.578929	8.72317e-08
-0.654061	8.19819e-08
-0.193772	3.48686e-08
0.0288377	-5.04629e-09
-0.131251	1.62628e-08
0.00674805	-1.00634e-08
0.187468	-3.32382e-08
0.093219	-1.04915e-09
0.0447311	7.01541e-09
0.0278731	2.99328e-09
0.167178	-1.68733e-08
0.560395	-7.50543e-08
0.568147	-9.73179e-08
0.313987	-4.3484e-08
0.528843	-8.18593e-08
0.831731	-1.2905e-07
0.676974	-1.22546e-07
0.188599	-2.32735e-08
-0.305506	5.16829e-08
-0.357027	6.0377e-08
-0.182457	3.50642e-08
-0.352015	5.84626e-08
-0.537135	9.85325e-08
-0.355437	5.9051e-08
-0.00792563	1.12934e-09
0.234316	-2.59887e-08
0.15131	-2.81325e-08
0.0367398	-3.82703e-09
0.249555	-2.8484e-08
0.471812	-5.4354e-08
0.57754	-8.42538e-08
0.683701	-1.05369e-07
0.722568	-1.41973e-07
0.893671	-1.24819e-07
1.14455	-1.80717e-07
1.10416	-1.70744e-07
1.02894	-1.89586e-07
1.32137	-2.22039e-07
1.67461	-3.32894e-07
1.46666	-2.8983e-07
0.682717	-1.59013e-07
-0.088331	-6.21853e-09
-0.524385	6.88564e-08
-0.554775	7.33981e-08
-0.321283	3.6293e-08
-0.175378	1.2745e-09
0.12749	-5.28807e-08
0.555458	-1.35877e-07
0.543209	-1.37413e-07
0.589033	-1.0185e-07
0.784177	-1.50646e-07
0.406188	-7.30525e-08
0.136961	-1.62593e-08
0.215751	-2.14414e-08
-0.0535929	2.99898e-08
-0.0426908	1.19192e-08
0.213503	-6.37222e-08
-0.0104902	-7.51202e-09
-0.0535629	5.60411e-09
0.0574836	-9.75146e-09
-0.031025	1.39908e-08
0.302835	-1.12673e-08
0.534506	-4.52194e-08
0.232693	2.50359e-09
0.123545	1.0576e-08
-0.0227331	2.69677e-08
-0.302304	6.09928e-08
-0.352871	6.83305e-08
-0.741834	1.538e-07
-1.27175	2.07671e-07
-1.22212	2.18917e-07
-1.0253	1.79575e-07
-0.895297	1.76933e-07
-0.608985	6.44245e-08
-0.43691	5.85547e-08
-0.537835	7.35706e-08
-0.787965	1.33234e-07
-0.95874	1.49365e-07
-0.835516	1.64838e-07
-0.597053	1.34905e-07
-0.511461	1.45499e-07
-0.48131	1.11714e-07
-0.285828	8.1439e-08
-0.198013	6.24368e-08
-0.577832	1.39529e-07
-0.870444	1.62516e-07
-0.666577	1.21296e-07
-0.42202	5.25103e-08
-0.139426	6.19127e-09
0.218375	-3.14567e-08
0.293843	-2.96274e-08
0.382471	-3.25857e-08
0.603672	-8.88738e-08
0.641453	-9.28826e-08
0.73793	-1.31274e-07
0.826662	-1.47951e-07
0.659363	-1.36318e-07
0.646831	-9.58796e-08
0.725279	-1.31007e-07
0.483327	-9.90023e-08
0.171218	-5.78814e-08
0.0256794	-2.92337e-08
-0.148856	1.30353e-08
-0.577031	1.12257e-07
-1.07701	2.59928e-07
-1.20075	2.03474e-07
-1.07014	2.13731e-07
-1.00741	1.99245e-07
-0.952448	2.10688e-07
-0.986071	1.92953e-07
-1.02302	2.38947e-07
-0.820418	2.06787e-07
-0.715526	2.1437e-07
-0.771277	1.91045e-07
-0.608959	1.59171e-07
-0.480075	1.20297e-07
-0.498525	1.44689e-07
-0.212721	6.4947e-08
0.185692	-3.04566e-08
0.26456	-4.15289e-08
0.238898	-4.34266e-08
0.230637	0
0.1901	-5.09396e-09
0.385183	-1.03428e-08
0.696597	-3.74082e-08
0.738039	-2.05252e-08
0.724871	-3.92807e-08
0.749307	-4.01524e-08
0.526253	-4.18795e-08
0.190444	-3.42985e-09
-0.192795	1.14635e-08
-0.645924	3.49067e-08
-0.705823	5.63971e-08
-0.379856	1.88467e-08
-0.216495	1.5961e-08
-0.301187	2.34323e-08
-0.527357	5.65287e-08
-0.732555	1.89091e-08
-0.678352	3.61113e-08
-0.498039	2.569e-08
-0.367851	2.6674e-08
-0.304185	1.2875e-08
-0.250106	1.84315e-08
-0.0635409	4.84796e-09
-0.019011	3.44487e-09
-0.315368	2.03197e-08
-0.639714	5.38855e-08
-1.00722	8.24096e-08
-1.19078	1.28479e-07
-0.729569	5.79336e-08
-0.254352	2.60535e-08
-0.138406	1.37366e-08
0.0728989	-9.89321e-09
0.140442	-4.00509e-09
0.0245763	-1.2064e-09
0.0676185	-1.7434e-09
-0.0293215	5.81642e-09
-0.0812167	6.37946e-09
0.121365	-7.74175e-09
0.0636286	-2.03791e-09
-0.0306319	6.63133e-09
-0.050486	6.62647e-09
-0.316774	2.73079e-08
-0.115158	7.5117e-09
0.387632	-4.62537e-08
0.221499	-2.41013e-08
0.196976	-2.64744e-08
0.577405	-6.60457e-08
0.331167	-4.78201e-08
-0.0685074	-5.70703e-10
-0.240307	1.57233e-08
-0.662803	4.83913e-08
-0.670094	6.36303e-08
-0.173053	5.79542e-09
0.0279267	-6.18882e-09
0.329672	-3.49087e-08
0.73363	-9.53115e-08
0.572481	-4.07568e-08
0.353238	-3.48312e-08
0.3357	-3.45018e-08
0.0998929	-1.1781e-08
-0.100199	1.0205e-08
-0.121599	1.51841e-08
-0.0053109	8.39452e-10
0.285897	-4.4736e-08
0.0740525	-6.45387e-10
-0.674719	3.83572e-08
-0.963946	5.30239e-08
-0.925922	7.60623e-08
-1.09843	6.24114e-08
-1.1439	9.83017e-08
-1.0825	9.35054e-08
-0.98724	1.09828e-07
-0.521016	3.11362e-08
-0.181862	1.70571e-08
-0.471879	3.96551e-08
-0.88883	9.62426e-08
-1.20058	9.48335e-08
-1.40073	1.46838e-07
-1.15399	1.2116e-07
-0.707836	9.30698e-08
-0.44868	2.17922e-08
-0.240831	1.89837e-08
-0.21998	1.55738e-08
-0.31098	2.74436e-08
-0.0084053	-4.92309e-09
0.298488	-3.4856e-08
0.138334	-1.52949e-08
-0.0148061	5.67298e-09
-0.0604379	1.21536e-08
-0.190175	2.7196e-08
-0.102282	1.72122e-08
0.107022	-8.51229e-09
0.16199	-1.34937e-08
0.295053	-3.91073e-08
0.52862	-7.40067e-08
0.613564	-1.00797e-07
0.411893	-2.30252e-08
-0.0182011	1.73837e-09
-0.19431	2.10932e-08
-0.0119656	1.09094e-08
0.048235	2.87883e-09
0.235983	-1.94135e-08
0.882647	-8.68696e-08
1.27057	-1.62772e-07
1.06253	-7.82155e-08
0.72785	-7.37752e-08
0.363597	-4.15468e-08
0.16694	-3.08209e-08
0.512101	-6.46105e-08
0.85441	-1.22861e-07
0.734271	-1.05424e-07
0.589818	-9.908e-08
0.353551	-3.29211e-08
-0.115431	6.76592e-09
-0.201465	1.36119e-08
-0.123904	3.42369e-09
-0.355829	2.47331e-08
-0.32524	3.9448e-08
-0.240998	3.46855e-08
-0.605582	1.01892e-07
-0.686275	7.97855e-08
-0.542475	7.43863e-08
-0.648409	8.53937e-08
-0.406685	6.4949e-08
-0.117004	1.25156e-08
-0.166756	2.32435e-08
0.23578	-3.709e-08
0.519542	-9.40639e-08
-0.0522415	4.23431e-09
-0.448653	2.5376e-08
-0.609727	3.07177e-08
-1.12485	8.78245e-08
-1.34139	6.74271e-08
-1.1846	8.81337e-08
-1.13144	8.54826e-08
-0.955408	1.02313e-07
-0.630644	3.85528e-08
-0.270862	2.61259e-08
0.0668349	-3.49756e-09
0.0716717	-7.53311e-09
0.0501282	-5.82923e-09
0.456195	-5.01258e-08
0.92824	-9.76402e-08
1.24814	-1.63813e-07
1.48533	-7.80779e-08
1.42627	-1.13521e-07
1.1529	-9.36648e-08
0.944689	-1.05578e-07
0.663808	-5.93765e-08
0.199952	-2.73185e-08
-0.177378	1.35052e-08
-0.232212	2.65877e-08
0.0300106	-4.44996e-09
0.44281	-4.75319e-08
0.642743	-6.84724e-08
0.416955	-5.61787e-08
0.0855848	-9.35074e-09
-0.104418	1.38554e-08
-0.206182	2.66354e-08
-0.00552521	1.74396e-09
0.431799	-2.3222e-08
0.585202	-4.90387e-08
0.603909	-4.6459e-08
0.712931	-6.87118e-08
0.391872	-2.44619e-08
-0.223229	2.99739e-08
-0.349014	4.25304e-08
-0.0896433	1.49383e-08
0.166226	-1.06178e-08
0.388342	-4.09555e-08
0.287236	-3.48417e-08
-0.0166448	-6.66303e-09
0.100982	-2.19443e-08
0.284268	-4.60669e-08
-0.0997844	7.97769e-09
-0.518089	7.62448e-08
-0.432678	2.5125e-08
-0.114008	3.83344e-09
0.175556	-2.9023e-08
0.300546	-5.47474e-08
0.200744	-3.60929e-08
-0.0284375	-6.99789e-09
-0.386273	4.44168e-08
-0.656428	1.03381e-07
-0.567637	6.35469e-08
-0.392174	5.41395e-08
-0.217883	2.98905e-08
0.204887	-3.12626e-08
0.641842	-8.55033e-08
0.891866	-1.44136e-07
1.08784	-1.77297e-07
1.16783	-2.22706e-07
1.12997	-6.33625e-08
0.909847	-7.30784e-08
0.338154	-2.79876e-08
-0.12312	1.33367e-08
-0.0677669	1.27606e-08
0.169403	-2.90407e-09
0.373535	-2.40192e-08
0.424016	-4.46127e-08
0.133668	-1.79864e-09
-0.106786	1.68684e-08
0.024259	2.11772e-09
0.182164	-2.04639e-08
0.185234	-2.14911e-08
0.165081	-2.71118e-08
0.111951	-1.94573e-08
0.0542813	-1.45655e-08
0.176874	-2.15398e-08
0.458892	-5.28437e-08
0.55679	-6.539e-08
0.295384	-5.07604e-08
-0.175585	9.26022e-09
-0.686218	8.751e-08
-0.903592	1.21026e-07
-0.624473	1.0748e-07
-0.242518	3.85826e-08
0.0260886	8.87306e-09
0.337456	-3.31006e-08
0.483419	-6.68609e-08
0.283404	-3.17848e-08
0.0185923	-4.50099e-09
0.0195731	-1.27167e-08
0.257984	-5.80126e-08
0.314939	-3.13977e-08
0.154638	-1.77772e-08
0.126517	-5.15284e-09
0.0876732	2.81873e-09
0.060717	4.52231e-09
0.278945	-2.6862e-08
0.299795	-2.84833e-08
0.17048	-1.85433e-08
0.361493	-3.058e-08
0.415505	-5.12188e-08
0.257666	-4.07122e-08
0.263616	-5.68399e-08
-0.0118899	-1.30132e-08
-0.434643	5.79403e-08
-0.38625	5.17249e-08
-0.289376	4.77164e-08
-0.424736	4.07528e-08
-0.515527	6.40746e-08
-0.548495	6.55924e-08
-0.329182	3.94425e-08
0.152788	-3.27328e-08
0.41687	-6.68149e-08
0.468854	-6.71344e-08
0.625668	-1.0708e-07
0.799749	-9.44642e-08
0.743855	-1.12174e-07
0.501468	-7.70835e-08
0.319297	-5.32756e-08
0.117123	-1.55555e-08
-0.165777	3.11793e-08
-0.146776	3.21107e-08
0.0243401	1.17381e-09
-0.205989	-4.19574e-09
-0.559224	1.70396e-08
-0.567439	1.63492e-08
-0.475502	2.57323e-08
-0.588412	2.18292e-08
-0.814853	5.61317e-08
-0.988185	6.9553e-08
-1.05828	1.04424e-07
-1.04544	4.76602e-08
-1.02944	7.50131e-08
-0.950627	7.15656e-08
-0.69112	7.15636e-08
-0.566209	4.27716e-08
-0.626044	6.35899e-08
-0.324894	3.40711e-08
0.0485564	-1.58672e-09
0.0684644	2.97851e-09
0.289826	-1.27088e-08
0.427864	-2.15922e-08
-0.108299	1.89802e-08
-0.493662	4.2931e-08
-0.448942	5.15075e-08
-0.477895	5.37308e-08
-0.351596	5.34065e-08
-0.188948	2.76674e-08
-0.221996	3.71406e-08
-0.0706784	2.04486e-08
0.0206637	5.41941e-09
-0.120215	1.53266e-08
-0.0867541	1.50087e-08
-0.0850479	1.42273e-08
-0.0724025	1.376e-08
0.32181	-1.19252e-08
0.543429	-3.6802e-08
0.38674	-2.57212e-08
0.345489	-3.23047e-08
0.174426	-1.08448e-08
-0.271017	3.40123e-08
-0.376471	4.95648e-08
-0.0412976	1.7158e-08
0.289373	-1.29478e-08
0.386033	-3.86391e-08
0.211864	-2.76479e-08
-0.0272446	-6.86336e-09
-0.0488604	-9.7607e-09
0.082833	-2.52009e-08
0.21254	-4.10808e-08
0.231347	-5.22203e-08
0.0592892	-2.22146e-08
0.0071426	-1.49552e-08
0.212714	-3.51578e-08
0.29585	-5.43965e-08
0.368722	-5.27555e-08
0.639303	-8.91359e-08
0.718637	-9.28715e-08
0.584299	-8.83355e-08
0.353211	-2.99331e-08
-0.0743273	1.47751e-08
-0.332294	4.66114e-08
-0.454403	7.63027e-08
-0.740319	1.0043e-07
-0.675516	1.10011e-07
-0.33033	5.88222e-08
-0.284861	6.24952e-08
-0.253436	2.47653e-08
-0.224292	2.99639e-08
-0.346748	3.66874e-08
-0.157717	2.69906e-08
0.249029	-6.47998e-09
0.56766	-4.39901e-08
0.673443	-5.57365e-08
0.171905	-1.67308e-08
-0.386743	3.1326e-08
-0.24699	3.09137e-08
-0.00955585	5.33912e-09
0.0397392	-5.74017e-09
0.201995	-2.41735e-08
0.202568	-3.3004e-08
0.19873	-3.38154e-08
0.529992	-8.82846e-08
0.69906	-5.74541e-08
0.593994	-6.23221e-08
0.658179	-6.98892e-08
0.659437	-9.19402e-08
0.376464	-4.26952e-08
0.307234	-3.85781e-08
0.458466	-5.57351e-08
0.374664	-5.07168e-08
0.34732	-2.59221e-08
0.468343	-5.39537e-08
0.25766	-2.77978e-08
0.137063	-1.727e-08
0.417001	-5.30304e-08
0.40088	-6.6795e-08
0.143104	-3.23486e-08
0.0245196	-1.04373e-08
-0.307198	2.39017e-08
-0.747034	8.01789e-08
-0.897855	1.04114e-07
-0.881344	1.33205e-07
-0.892323	1.05433e-07
-1.03247	1.46825e-07
-1.15671	1.67692e-07
-1.13307	1.92727e-07
-1.11556	1.27935e-07
-0.899107	1.24718e-07
-0.463786	5.3639e-08
-0.278217	2.57524e-08
-0.213292	7.99798e-09
-0.0640882	-1.13579e-08
0.0727573	-3.13101e-08
0.305088	-6.8758e-08
0.271553	-4.16915e-08
-0.181105	7.61357e-09
-0.395381	3.45204e-08
-0.464753	4.90601e-08
-0.708228	7.01282e-08
-0.74639	1.12807e-07
-0.71641	1.18503e-07
-0.905805	1.74139e-07
-1.07845	1.48616e-07
-1.07907	1.68474e-07
-0.760137	1.09826e-07
-0.351492	5.32306e-08
-0.149507	9.55079e-09
0.407345	-8.57062e-08
1.15465	-2.16339e-07
1.2579	-2.66106e-07
1.30675	-6.6022e-08
1.6174	-1.28288e-07
1.44024	-1.21567e-07
1.1877	-1.35672e-07
1.19987	-1.08961e-07
0.901253	-1.17618e-07
0.758204	-1.01473e-07
0.911164	-1.29114e-07
0.572737	-4.11258e-08
0.337781	-3.04544e-08
0.577892	-5.97701e-08
0.336582	-4.68592e-08
-0.0888811	3.27364e-09
-0.0483393	2.34977e-09
0.0177936	5.2036e-11
0.136949	-1.84512e-08
0.348521	-2.7478e-08
0.302923	-3.04051e-08
0.218988	-2.18491e-08
0.00729886	-3.29801e-09
-0.451652	4.3401e-08
-0.713636	9.16328e-08
-0.937662	1.23849e-07
-1.01086	1.608e-07
-0.437809	4.56533e-08
0.0606005	-6.57696e-09
0.193178	-2.24202e-08
0.589037	-9.22379e-08
0.91077	-1.20177e-07
0.893997	-1.43472e-07
0.851069	-1.3773e-07
0.734964	-1.3362e-07
0.751288	-5.60779e-08
0.857607	-9.25287e-08
0.613889	-6.21221e-08
0.345478	-3.47958e-08
0.240124	-1.57331e-08
0.155129	-1.2106e-08
0.394101	-4.54409e-08
0.631261	-1.00285e-07
0.497285	-5.41469e-08
0.695176	-9.30687e-08
1.28338	-1.73835e-07
1.48342	-2.45033e-07
1.3326	-1.88867e-07
1.18936	-1.98529e-07
0.968586	-1.58989e-07
0.71372	-1.40619e-07
0.471657	-6.43712e-08
-0.0190597	-1.20141e-08
-0.552362	5.61021e-08
-0.650861	7.98535e-08
-0.553208	4.86578e-08
-0.402001	4.4158e-08
-0.0129241	-1.43537e-08
0.134247	-3.51075e-08
0.00181724	-8.69108e-10
0.185754	-2.68668e-08
0.409018	-6.08205e-08
0.482007	-8.03097e-08
0.60158	-8.45034e-08
0.407223	-6.85942e-08
0.156494	-2.99785e-08
0.251957	-6.12207e-08
0.170768	-2.15945e-08
-0.0295626	-2.63497e-11
-0.173328	1.49809e-08
-0.626429	8.30166e-08
-0.869727	1.06508e-07
-0.651949	1.12659e-07
-0.668299	1.14408e-07
-0.771933	1.43944e-07
-0.648396	8.15714e-08
-0.526923	7.37565e-08
-0.292334	4.25059e-08
-0.0669705	1.31907e-08
-0.17989	1.51386e-08
-0.270752	2.79633e-08
-0.0113799	-1.24551e-08
0.369968	-8.45693e-08
0.654066	-8.55298e-08
0.804596	-1.1834e-07
0.770956	-1.17336e-07
0.635455	-1.22509e-07
0.735273	-1.14114e-07
1.01152	-1.67649e-07
1.04816	-1.62751e-07
1.01998	-1.73432e-07
1.10138	-1.22714e-07
0.868779	-1.14977e-07
0.345475	-3.33722e-08
-0.0320709	2.02687e-08
-0.241463	4.1276e-08
-0.381309	6.00377e-08
-0.409239	5.3684e-08
-0.378984	6.34238e-08
-0.419937	4.08111e-08
-0.408227	6.20406e-08
-0.181111	4.40311e-08
-0.122855	4.39902e-08
-0.39002	6.95521e-08
-0.477575	9.37863e-08
-0.438623	8.87427e-08
-0.494064	1.05614e-07
-0.26363	4.74669e-08
0.0628371	-3.53277e-10
0.000939935	-3.52599e-09
-0.219404	2.38282e-08
-0.416981	4.62924e-08
-0.586136	9.21847e-08
-0.573413	9.16502e-08
-0.481322	9.25382e-08
-0.471995	5.75629e-08
-0.532282	8.05714e-08
-0.46484	6.78615e-08
-0.0655972	3.2988e-09
0.272547	-4.99605e-08
0.273544	-4.43547e-08
0.359643	-4.93184e-08
0.446284	-7.18116e-08
0.273541	-1.78489e-08
0.308515	-4.13876e-08
0.556258	-9.40772e-08
0.524141	-9.76133e-08
0.305089	-4.56848e-08
0.0592011	-3.65328e-09
-0.221295	6.34095e-08
-0.358311	1.03946e-07
-0.383173	2.66763e-08
-0.436208	3.38228e-08
-0.430205	2.14936e-08
-0.338743	1.70162e-08
-0.196449	1.24644e-09
0.0152896	-4.86008e-09
0.27233	-2.18506e-08
0.544681	-5.43096e-08
0.737635	-3.00733e-08
0.751151	-5.26541e-08
0.596868	-4.74517e-08
0.281173	-3.63618e-08
0.00371883	-1.37082e-08
0.00485317	-1.64879e-08
0.00338291	-1.0338e-08
-0.193507	2.23374e-08
-0.30261	1.57401e-08
-0.400839	3.75396e-08
-0.632305	5.26631e-08
-0.690772	6.70998e-08
-0.545054	3.93544e-08
-0.36035	3.84033e-08
-0.18315	1.85883e-08
-0.290699	4.48561e-08
-0.660469	6.34217e-08
-0.919777	9.95797e-08
-1.10197	1.13339e-07
-1.19563	1.52957e-07
-1.05325	9.86989e-08
-0.939743	1.09811e-07
-0.874933	1.03768e-07
-0.604013	8.84373e-08
-0.407937	2.18332e-08
-0.479642	4.71523e-08
-0.426478	4.56667e-08
-0.179048	2.90512e-08
-0.0659072	1.11098e-08
-0.000831457	5.36697e-09
0.140815	-9.03185e-09
0.118241	-1.05006e-08
0.113241	-2.66163e-09
0.330539	-3.20744e-08
0.321301	-4.06425e-08
0.209799	-4.30987e-08
0.41969	-6.315e-08
0.52602	-8.75526e-08
0.558635	-9.18794e-08
0.823529	-1.4995e-07
0.772906	-7.825e-08
0.485472	-6.44306e-08
0.376863	-5.27557e-08
0.111319	-2.51063e-08
-0.0343938	2.7493e-09
0.142083	-9.84725e-09
0.107344	1.29804e-09
0.203764	-1.24974e-08
0.529037	-3.65641e-08
0.456253	-4.40457e-08
0.390649	-3.21992e-08
0.500447	-5.92103e-08
0.369495	-3.31084e-08
0.411666	-4.86034e-08
0.492193	-5.9025e-08
0.194067	-2.02862e-08
0.219254	4.35541e-11
0.559856	-3.2445e-08
0.551589	-3.26384e-08
0.48891	-4.12785e-08
0.444747	-2.43815e-08
0.123141	-3.30072e-09
-0.0877178	1.44939e-08
-0.00604802	7.75765e-10
0.0529473	-6.3846e-09
0.085724	-1.27399e-08
0.137163	-1.6352e-08
0.0250919	-5.44348e-10
-0.162502	2.02324e-08
-0.141098	2.03536e-08
0.0177078	7.7421e-10
0.125911	-1.6631e-08
0.176226	-1.21442e-08
0.0920564	-4.85886e-09
-0.0351979	7.92783e-09
-0.0592121	5.95319e-09
-0.183628	1.27895e-08
-0.262253	2.51163e-08
-0.000318838	-1.11369e-08
0.243407	-4.62438e-08
0.367801	-3.83694e-08
0.579376	-7.02232e-08
0.639784	-7.57449e-08
0.640648	-9.04516e-08
0.803987	-9.19658e-08
0.789578	-1.15855e-07
0.583754	-9.19665e-08
0.432679	-8.20322e-08
0.237247	-2.36739e-08
0.0343501	-8.58201e-09
-0.0711491	1.36305e-08
-0.140567	3.42113e-08
-0.246229	3.99684e-08
-0.479292	7.43718e-08
-0.610757	9.13909e-08
-0.390578	7.45459e-08
-0.152519	3.08487e-08
-0.0769054	2.28136e-08
0.0619703	-3.53545e-09
0.192818	-3.62289e-08
0.189116	-3.09383e-08
0.167634	-2.70727e-08
0.132345	-2.35229e-08
-0.0276549	3.68154e-09
-0.234426	2.60997e-08
-0.2979	3.68519e-08
-0.309165	3.03553e-08
-0.369965	3.58302e-08
-0.206459	-4.38458e-09
0.105283	-3.78846e-08
0.161091	-3.32267e-08
0.156327	-3.15566e-08
0.231052	-3.34497e-08
0.0133474	-1.6462e-08
-0.352269	3.56919e-08
-0.486698	7.28787e-08
-0.55773	6.5509e-08
-0.641571	9.83696e-08
-0.592048	1.06305e-07
-0.505633	1.1633e-07
-0.3886	3.2312e-08
-0.198386	2.42234e-08
-0.133271	1.44991e-08
-0.103099	1.97823e-08
0.0942033	4.36124e-10
0.157457	-1.22132e-08
0.0666112	6.13891e-09
0.212722	-6.5842e-09
0.338572	-1.95906e-09
0.156162	6.39921e-09
0.0354195	1.03089e-08
0.0562752	1.40301e-09
0.0404752	1.7929e-09
0.0158021	-1.96316e-09
-0.157762	2.10365e-08
-0.433393	7.00026e-08
-0.517545	3.57532e-08
-0.492653	4.57422e-08
-0.438025	3.70063e-08
-0.289527	2.48133e-08
-0.161934	4.32134e-09
-0.0227018	-1.36613e-08
0.174804	-4.56189e-08
0.260987	-6.20178e-08
0.208482	-3.7962e-08
0.133302	-2.92047e-08
0.184357	-3.25907e-08
0.330538	-5.91052e-08
0.320978	-4.27673e-08
0.251672	-3.91833e-08
0.205133	-4.03852e-08
-0.0580938	-2.73775e-09
-0.285565	8.09049e-10
-0.283844	6.13404e-09
-0.392722	3.38572e-08
-0.441868	6.74897e-08
-0.316581	4.68395e-08
-0.481585	7.76389e-08
-0.746367	1.09137e-07
-0.729475	1.25749e-07
-0.67938	8.47424e-08
-0.577205	8.51975e-08
-0.262417	3.65559e-08
-0.00886731	-4.38898e-09
0.0311891	-1.51154e-08
-0.0340416	1.04775e-09
-0.080187	1.19458e-08
-0.0549273	3.9033e-09
-0.0953288	3.17501e-09
-0.251902	2.88562e-08
-0.372919	3.88406e-08
-0.367584	4.3594e-08
-0.218058	1.3461e-08
-0.0296115	-1.26646e-08
0.0196636	-1.71797e-08
-0.0496366	8.20004e-09
-0.123084	2.51235e-08
-0.165582	3.30743e-08
-0.180808	3.19701e-08
-0.204376	3.89479e-08
-0.230563	3.26004e-08
-0.204282	2.95469e-08
-0.090014	3.54895e-09
0.0955387	-3.80454e-08
0.234039	-3.52077e-08
0.280072	-3.88557e-08
0.31758	-4.05528e-08
0.285584	-4.54249e-08
0.151784	-1.42713e-08
0.121484	2.06843e-09
0.249952	-1.15878e-08
0.342625	-4.0838e-08
0.283006	-1.83133e-08
0.130619	-5.4136e-09
0.0111008	8.65094e-09
-0.0555791	1.52793e-08
-0.118822	1.61879e-08
-0.133511	2.18826e-08
-0.0793641	1.76765e-08
-0.00917238	2.85922e-09
0.0468963	-9.96044e-09
0.0080423	-2.45144e-09
-0.139237	1.43068e-08
-0.262768	2.95505e-08
-0.358954	3.82671e-08
-0.501113	7.74324e-08
-0.599735	9.66005e-08
-0.57708	1.17736e-07
-0.501052	8.54024e-08
-0.443731	9.00485e-08
-0.410142	8.81922e-08
-0.384307	9.88535e-08
-0.359071	8.27024e-08
-0.317342	7.84359e-08
-0.26665	5.60026e-08
-0.246454	4.53754e-08
-0.226962	1.21983e-08
-0.183683	1.95209e-08
-0.144309	2.97585e-08
-0.0758304	3.51649e-08
-0.0210261	2.41205e-08
-0.00495624	1.72346e-08
0.18904	-1.61994e-08
0.478557	-7.91848e-08
0.477261	-5.66335e-08
0.319266	-5.49131e-08
0.255285	-6.58274e-08
0.111125	-5.88044e-08
-0.0611146	-2.39153e-08
-0.0989903	-1.02433e-08
-0.156153	-1.68952e-09
-0.167979	9.04961e-09
0.00938033	-2.14273e-08
0.161961	-4.31438e-08
0.20945	-5.25472e-08
0.249092	-7.24487e-08
0.211097	-5.81167e-08
0.115766	-2.56172e-08
0.11055	-1.19312e-08
0.159593	-2.68993e-08
0.130773	-8.63369e-09
0.0740255	1.2159e-10
0.104848	-7.39056e-09
0.0943892	-1.23728e-09
-0.0709837	2.85273e-08
-0.216864	4.91882e-08
-0.254634	5.62573e-08
-0.250442	6.08552e-08
-0.222722	-8.49202e-09
-0.225988	-6.13631e-09
-0.267593	-5.49568e-09
-0.354446	9.86831e-09
-0.46993	1.41317e-08
-0.384256	1.81049e-08
-0.204854	-1.55306e-09
-0.225304	9.60901e-09
-0.120253	-1.00202e-08
0.164421	-3.17769e-08
0.144391	-1.96799e-08
-0.0325557	3.34359e-09
-0.155704	1.68465e-08
-0.386692	5.35882e-08
-0.470545	6.77617e-08
-0.331504	6.66586e-08
-0.251159	3.90294e-08
-0.139989	4.20193e-08
-0.0335444	3.78402e-08
-0.0556062	3.45017e-08
-0.0175927	1.87287e-08
-0.00495668	1.11906e-08
-0.0647779	1.06677e-08
0.0520425	-3.33093e-09
0.183475	-6.43842e-10
0.139237	9.472e-09
0.085147	1.88598e-08
0.0594871	9.67431e-09
0.058825	-8.9082e-10
0.0961431	-8.62217e-09
0.113204	-1.61361e-08
0.186857	-3.78969e-08
0.328108	-2.50962e-08
0.40808	-4.03072e-08
0.388712	-3.89696e-08
0.26914	-3.42078e-08
0.121016	-1.38057e-08
0.024855	2.18974e-09
-0.0489312	2.1399e-08
-0.0802978	3.0343e-08
-0.0568882	1.88197e-08
0.0065139	-3.78443e-09
0.0866713	-2.7239e-08
0.0156175	-2.50377e-08
-0.145936	-1.38422e-08
-0.142271	-1.25582e-08
-0.100055	-1.60208e-08
-0.132413	-1.30228e-08
-0.0856864	-2.9448e-08
-0.0164079	-2.37015e-08
-0.0265523	-1.71241e-08
-0.0830279	-1.03864e-08
-0.11938	-3.14393e-09
-0.0329141	3.54279e-10
0.0489074	-4.03022e-09
0.0398421	-1.20019e-09
0.1985	-1.4544e-08
0.431711	-5.69328e-08
0.393186	-5.44246e-08
0.208362	-2.93383e-08
0.0972394	-8.24741e-09
0.0475695	-4.74791e-09
0.040651	1.50691e-09
0.0539227	5.2092e-09
0.112225	1.11553e-08
0.24105	-4.79502e-09
0.328882	-1.47639e-08
0.288742	-1.3949e-08
0.192096	7.50213e-09
0.184462	4.4865e-09
0.290441	-1.54717e-08
0.429176	-6.60066e-08
0.568172	-6.79188e-08
0.55091	-7.12657e-08
0.302397	-3.8521e-08
0.124826	-2.63207e-08
0.0912991	-1.77806e-08
0.00250579	-8.26691e-09
-0.0483085	-1.503e-09
-0.0117244	1.52607e-09
0.0361218	-8.68094e-10
0.136741	-1.47363e-08
0.145007	-1.78527e-08
-0.00695301	-1.24175e-09
-0.135167	2.05017e-08
-0.271867	5.50309e-08
-0.389738	7.8955e-08
-0.327734	8.33702e-08
-0.22536	5.47278e-08
-0.149479	4.52595e-08
-0.0248587	2.04289e-08
0.0229888	5.14353e-09
0.022471	-2.67602e-10
0.0950162	-2.56743e-08
0.102809	-4.34099e-08
0.00787266	-2.43475e-08
-0.0740799	-4.17754e-09
-0.176447	1.62213e-08
-0.300074	4.53124e-08
-0.336096	7.13814e-08
-0.277423	4.88584e-08
-0.171813	4.05382e-08
-0.0610514	3.28463e-08
-0.057065	3.02453e-08
-0.176975	3.83232e-08
-0.311933	5.87125e-08
-0.468244	6.08461e-08
-0.583144	7.63076e-08
-0.491821	4.41409e-08
-0.327002	2.20632e-08
-0.19375	1.79018e-10
0.0183557	-2.65111e-08
0.151234	-4.80142e-08
0.129957	-5.31754e-08
0.148015	-5.09843e-08
0.129943	-6.11311e-08
0.0958647	-4.91248e-08
0.219076	-4.51775e-08
0.273124	-4.30247e-08
0.152791	-2.69006e-08
0.0599961	-7.33987e-09
0.00173197	-1.8216e-08
-0.0268011	-2.61533e-08
-0.0457922	-1.90507e-08
-0.134523	-3.65337e-09
-0.190454	2.2331e-08
-0.20861	4.25975e-08
-0.20712	5.453e-08
-0.0749847	1.17439e-08
0.0498825	-7.63327e-09
0.0885312	-2.47462e-08
0.120308	-3.3563e-08
0.0445817	-2.89042e-08
0.00959585	-3.62911e-08
0.138568	-4.94176e-08
0.112467	-3.19015e-08
0.00779324	1.94617e-09
0.103282	-8.01979e-09
0.180016	-2.55406e-08
0.119199	-2.6479e-08
0.0330626	-1.43483e-08
-0.0547006	7.20144e-09
-0.072155	2.56806e-08
-0.0588203	2.59111e-08
-0.0998324	1.59644e-08
-0.138516	2.52683e-08
-0.18879	3.17728e-08
-0.217026	3.54919e-08
-0.155379	2.2627e-08
-0.11397	2.76355e-08
-0.11955	3.41285e-08
-0.12713	3.64947e-08
-0.157749	2.48292e-08
-0.149924	2.17352e-08
-0.107524	1.46316e-08
-0.118701	1.98221e-08
-0.160527	2.2139e-08
-0.194729	2.6338e-08
-0.222756	2.86587e-08
-0.255359	5.32895e-08
-0.228493	2.59571e-08
-0.0826916	4.45909e-09
-0.0246217	4.08752e-09
-0.118139	3.31583e-08
-0.102743	2.81533e-08
-0.024559	1.9531e-08
-0.00181113	1.32317e-08
0.0758259	-1.1841e-08
0.0749361	-4.08379e-09
-0.0578909	2.70452e-08
-0.113809	3.90657e-08
-0.143391	4.33402e-08
-0.171411	3.49198e-08
-0.106783	2.29364e-08
-0.0946931	2.19523e-08
-0.160872	3.02767e-08
-0.181579	4.50008e-09
-0.168277	4.13127e-09
-0.103568	-6.90411e-09
0.00128469	-2.87528e-08
0.108804	-4.69276e-08
0.223736	-6.9356e-08
0.20632	-6.30812e-08
0.0646151	-2.76866e-08
0.0206747	-2.75124e-09
0.0241047	2.26333e-09
-0.0188304	1.20089e-08
-0.0193236	1.90292e-08
-0.0301991	2.75768e-08
-0.102579	3.98276e-08
-0.15621	3.57793e-08
-0.179952	3.41622e-08
-0.138167	6.19747e-09
-0.0370792	2.77891e-09
-0.0439016	4.54185e-09
-0.138818	3.0633e-08
-0.132808	5.06479e-08
-0.0768267	5.94976e-08
-0.0552652	5.1001e-08
0.0349831	2.77967e-08
0.127555	5.43509e-09
0.0684734	-3.72566e-09
-0.0329553	1.11939e-08
-0.0914622	2.09488e-08
-0.145813	8.66987e-09
-0.138689	-1.60976e-09
-0.1113	-6.47017e-09
-0.13131	3.28916e-10
-0.0972434	-1.31524e-08
-0.0544406	-9.65563e-09
-0.0806996	-8.02808e-09
-0.0398512	-1.8602e-08
0.0446403	-2.57522e-08
0.0237475	-8.35432e-09
-0.0350847	2.08669e-08
-0.0233979	3.35398e-08
0.0400452	2.10159e-08
0.0777328	9.01876e-09
0.0820641	6.88104e-09
0.125006	-1.92825e-08
0.152469	-4.1518e-08
0.102854	-5.31304e-08
0.0773241	-6.07353e-08
0.0935904	-5.2431e-08
0.11643	-1.54643e-08
0.172166	-6.72834e-09
0.197899	1.62413e-09
0.182765	-2.41177e-09
0.18781	-1.19637e-08
0.14652	-1.11769e-08
0.0613616	5.82998e-09
0.0212824	8.3831e-09
0.0056913	1.49161e-08
0.0112957	1.16954e-08
0.0154295	-5.65792e-09
-0.0641082	-6.02994e-09
-0.115434	-3.35794e-09
-0.0208022	-1.74119e-08
0.0788469	-3.71091e-08
0.111427	-4.20937e-08
0.168161	-3.35482e-08
0.216171	-4.25555e-08
0.213171	-4.36937e-08
0.215242	-5.26359e-08
0.178112	-3.86121e-08
0.0819656	-1.14878e-08
0.0450676	1.04114e-08
0.0673878	1.6098e-08
0.0742317	2.21758e-08
0.0620457	7.12838e-09
0.00672979	9.3558e-09
-0.054166	3.05376e-08
-0.0549885	2.78045e-08
-0.0513354	2.86011e-08
-0.0526362	3.78619e-08
-0.0194448	2.83475e-08
0.0253377	5.17892e-10
0.0635905	-3.80867e-09
0.0541071	-1.19697e-08
0.0311418	-1.67322e-08
0.0694277	-1.30061e-08
0.0591773	-9.89705e-09
-0.00112846	-5.99663e-09
0.00148952	-5.14762e-09
-0.0310937	6.16086e-09
-0.0822922	2.24369e-08
-0.085397	3.1423e-08
-0.178339	5.29272e-08
-0.255028	6.18594e-08
-0.207883	6.97629e-08
-0.228267	8.08485e-08
-0.270102	9.73106e-08
-0.238945	6.47822e-08
-0.217519	5.45446e-08
-0.143028	3.54432e-08
-0.0776152	2.54004e-08
-0.106197	1.84024e-08
-0.0584383	6.62799e-09
0.027688	-5.6589e-09
0.0522814	-1.04797e-08
0.0900833	-1.54179e-08
0.0523095	-1.75899e-08
-0.048974	-9.15849e-09
-0.0654014	-5.57633e-09
-0.0739694	-8.74474e-10
-0.0977386	3.8739e-09
-0.0510019	-1.04517e-08
0.0607916	-2.99238e-08
0.185303	-3.22806e-08
0.20161	-4.26416e-08
0.159824	-4.30954e-08
0.186627	-5.34251e-08
0.13555	-4.68905e-08
0.0290962	-3.70806e-08
0.0311288	-2.47818e-08
-0.000196117	-2.95589e-09
-0.0765349	7.94013e-09
-0.0745987	1.83352e-10
-0.0568069	-7.04659e-09
-0.0132912	-1.17029e-08
0.0203711	-1.35535e-08
7.88059e-05	-6.51181e-09
0.0751243	-1.54236e-08
0.151693	-2.78133e-08
0.104027	-1.32934e-09
0.0957065	1.16555e-08
0.0893328	5.8542e-09
0.0172668	-1.16249e-08
-0.00839535	-1.35306e-08
-0.0471335	5.30995e-09
-0.0836711	1.64892e-08
-0.0418509	2.05646e-08
-0.0478816	2.58263e-08
-0.061878	2.16863e-08
-0.0111932	1.29787e-08
-0.0178992	1.29274e-08
-0.0319985	3.31109e-09
-0.0214029	-4.0926e-09
-0.0993079	2.02554e-09
-0.160687	1.41011e-08
-0.117375	7.70185e-10
-0.081297	1.02094e-08
-0.0550298	7.37561e-09
0.0120002	-1.40314e-09
0.0616763	-4.59134e-09
0.0492364	3.40885e-09
0.0278189	7.08917e-09
0.0562984	-8.17439e-10
0.0999992	2.21254e-09
0.108462	-6.89365e-09
0.0758561	-6.00827e-09
0.0252853	7.39346e-09
0.0352542	7.76504e-10
0.0797844	-1.1819e-08
0.0199319	3.57016e-09
-0.0872573	1.90288e-08
-0.0813106	1.23177e-08
0.0251491	5.28679e-09
0.144755	-2.83959e-08
0.230439	-5.60717e-08
0.276679	-4.92511e-08
0.276446	-5.82991e-08
0.204684	-4.0107e-08
0.113801	-7.05366e-09
0.0513323	1.83105e-08
-0.00143862	2.49139e-08
0.00977174	2.59646e-08
0.0871364	1.92436e-08
0.128575	1.84528e-08
0.12724	6.5932e-09
0.0923262	6.53899e-09
0.00992969	2.67591e-08
-0.0642676	3.45893e-08
-0.104995	3.66283e-08
-0.0928996	4.0557e-08
-0.0301224	3.84554e-08
-0.0183889	2.24656e-08
-0.0638215	1.57856e-08
-0.113389	2.94059e-08
-0.175307	5.12101e-08
-0.168462	3.58721e-08
-0.0875877	2.55864e-08
-0.0439156	2.21655e-08
0.00823669	1.03881e-08
0.0690011	-8.11274e-09
0.04665	-1.26673e-08
0.0116808	6.21336e-10
-0.0227498	1.9744e-08
-0.0892046	1.81839e-08
-0.0850875	7.98278e-09
-0.0511767	-1.57102e-09
-0.0735315	-6.71496e-09
-0.0655673	-1.13853e-08
-0.0425453	2.80438e-09
-0.0616789	1.56546e-08
-0.0672413	1.89545e-08
-0.0601307	1.35959e-08
-0.0266839	6.16534e-09
0.0584797	-6.30847e-09
0.102615	-1.77021e-08
0.0859857	-2.09805e-08
0.0620903	-2.1126e-08
0.0216064	-1.1625e-08
-0.00296426	-1.72773e-09
0.00162007	4.62592e-09
-0.0238631	4.54649e-09
-0.0517759	-1.47147e-09
-0.0312889	-4.05555e-09
0.00814046	-9.78075e-09
0.040868	-1.73116e-08
0.0698329	-2.13237e-08
0.096152	-2.20657e-08
0.117128	-1.50583e-08
0.141708	-2.63565e-08
0.187074	-3.36184e-08
0.218737	-3.77461e-08
0.192957	-2.48329e-08
0.147896	-1.76062e-08
0.143216	-7.76791e-09
0.166307	-6.98089e-09
0.153658	6.44085e-09
0.0933667	-3.85385e-09
0.0463931	-1.21809e-08
0.0319527	-1.92804e-08
0.0171723	-2.60777e-08
-0.0130613	-2.48625e-08
-0.0453927	-1.83037e-08
-0.0354133	-2.10446e-08
-0.0010213	-1.94134e-08
-0.020855	-5.34403e-09
-0.0489463	-4.09534e-09
-0.0330817	-8.97038e-09
-0.0473898	-3.50817e-10
-0.0813882	1.65236e-08
-0.0825775	2.62181e-08
-0.0984985	4.00638e-08
-0.114238	2.84117e-08
-0.0871917	1.98222e-08
-0.0718905	1.68392e-08
-0.0984291	2.9382e-08
-0.137636	3.39691e-08
-0.159977	3.89879e-08
-0.148234	3.10972e-08
-0.132455	2.08068e-08
-0.145335	5.1461e-09
-0.151631	-3.44401e-09
-0.0962908	-3.07226e-08
-0.0196299	-5.19566e-08
-0.00395812	-5.10697e-08
0.0157513	-4.19827e-08
0.106597	-4.50925e-08
0.154452	-5.68724e-08
0.139293	-4.78218e-08
0.15984	-4.67918e-08
0.183279	-4.6234e-08
0.180276	-5.50147e-08
0.161679	-4.49455e-08
0.0882183	-3.33709e-08
0.0280084	-1.90683e-08
0.0409454	-1.27381e-08
0.0590066	-1.56935e-08
0.085598	-3.3309e-08
0.114193	-4.25689e-08
0.0811007	-4.80376e-08
0.0463464	-4.5876e-08
0.0386204	-3.63249e-08
0.00665613	-2.36637e-08
0.00160405	-1.63713e-08
0.0432444	-7.1099e-09
0.0769041	-6.64244e-09
0.116271	-1.25695e-08
0.131979	-8.93035e-09
0.0746163	1.76013e-08
0.0341394	3.38189e-08
0.0526686	3.34245e-08
0.0370305	3.18179e-08
-0.00144118	3.45768e-08
0.000585179	2.53868e-08
0.00259973	2.12109e-08
0.0186036	2.24739e-08
0.0802248	1.04045e-08
0.0859436	-3.34807e-09
0.027149	-4.53985e-09
0.00959631	-1.57526e-08
0.00941133	-2.1307e-08
-0.0216241	-8.03299e-09
-0.0564727	-2.1075e-09
-0.0669262	-6.07196e-09
-0.00825948	-1.24538e-08
0.0857197	-2.13329e-08
0.137019	-3.02025e-08
0.176248	-3.94832e-08
0.190713	-2.98835e-08
0.130781	-2.92098e-08
0.0656376	-1.94806e-08
0.0193729	-7.50196e-09
-0.0386416	2.49969e-09
-0.0857556	-2.34527e-09
-0.122474	-1.47073e-08
-0.121312	-1.79156e-08
-0.0599886	-4.00982e-08
-0.0128566	-4.05037e-08
0.00414759	-2.16152e-08
0.0139533	-8.93371e-09
0.0212161	-1.09267e-08
0.0856555	-1.61222e-08
0.164472	-2.77354e-08
0.154669	-3.95998e-08
0.104338	-2.26779e-08
0.0640509	-1.85976e-08
0.0558698	-2.5686e-08
0.110309	-3.29205e-08
0.137196	-1.91933e-08
0.110024	-6.53068e-09
0.119496	2.60203e-11
0.130394	-4.47029e-10
0.1152	1.20128e-08
0.104312	1.12566e-08
0.0443576	7.51176e-09
-0.0200096	-5.69869e-09
-0.00605732	-9.37814e-09
-0.00172019	6.60145e-09
-0.024074	8.87954e-09
0.00234642	-3.45665e-09
0.0274802	-4.59835e-09
0.027415	-1.11624e-08
0.0472939	-1.7042e-08
0.0497555	-1.05536e-08
0.0251048	-8.1585e-09
0.0178851	-1.0809e-08
0.00928009	-7.78342e-10
-0.0126259	5.64041e-09
-0.0238091	-1.87908e-08
-0.0247844	-3.04252e-08
-0.00959588	-3.63616e-08
0.00952849	-2.72974e-08
0.00184808	-1.16156e-08
-0.00441196	-7.19985e-09
0.0221812	-1.19708e-08
0.0521674	-1.78049e-08
0.0389919	-1.65211e-08
-0.0214768	-1.39791e-08
-0.0457507	-7.16968e-09
-0.00281485	-3.25113e-09
0.00679317	-5.60116e-09
-0.0170313	-8.04154e-09
-0.00771747	-5.34782e-10
-0.0290989	1.57591e-08
-0.0869264	2.04402e-08
-0.107732	3.19521e-08
-0.110547	3.42348e-08
-0.089357	2.4779e-08
-0.0361085	1.50001e-08
-0.0194113	1.8465e-08
-0.0236575	2.37902e-08
-0.0145851	3.44558e-08
-0.0114528	3.74823e-08
0.0191836	2.57384e-08
0.0674818	1.31362e-08
0.0962883	-3.5648e-09
0.149836	-1.44063e-08
0.201182	-1.77168e-08
0.188764	-1.16278e-08
0.1537	-1.03731e-08
0.105651	1.66592e-08
0.0192725	2.40436e-08
-0.0493278	2.03728e-08
-0.0468413	1.40823e-08
-0.00565362	8.41595e-09
0.0162108	1.02978e-08
0.025569	1.76729e-08
0.0432282	1.97239e-08
0.0237683	1.74247e-08
-0.0217454	9.55758e-09
-0.00320821	-2.93988e-09
0.0618944	-2.26442e-08
0.0889866	-2.66138e-08
0.0848751	-2.31835e-08
0.0891957	-2.53018e-08
0.0867652	-2.95295e-08
0.0704471	-2.50064e-08
0.0682061	-3.11213e-08
0.0692134	-2.71259e-08
0.0571417	-2.70386e-08
0.0612047	-3.02496e-08
0.0660134	-1.86172e-08
0.0458554	-1.2997e-09
0.0279419	1.428e-09
0.0151394	4.63692e-09
0.0298229	-4.92822e-09
0.0895153	-1.75158e-08
0.117532	-1.69834e-08
0.121071	-1.07755e-08
0.151287	-1.2091e-08
0.141421	-6.39211e-10
0.106133	4.71737e-09
0.095794	2.64891e-08
0.0447935	3.11326e-08
-0.011398	2.22206e-08
-0.0146096	1.99329e-08
-0.027974	2.58397e-08
-0.0388195	3.12501e-08
-0.026395	3.35145e-08
-0.0310254	2.21951e-08
-0.0118398	8.61001e-09
0.0256535	1.63759e-08
0.0229448	1.60569e-08
0.0239229	-2.36889e-09
0.0502328	-1.51915e-08
0.0646068	-2.76106e-08
0.0687402	-3.32727e-08
0.0589067	-2.96015e-08
0.0338089	-2.03275e-08
0.0227519	-1.15531e-08
0.0485809	-1.02918e-08
0.0995035	-2.35044e-08
0.130602	-1.94876e-08
0.135098	-1.63628e-08
0.136259	-1.81935e-08
0.12764	-2.19532e-08
0.129419	-2.13755e-08
0.136809	-3.51682e-08
0.101811	-2.95065e-08
0.0813973	-2.41296e-08
0.120784	-2.56655e-08
0.128057	-3.24879e-08
0.0855387	-2.37655e-08
0.0712498	-7.64907e-09
0.0876781	5.65462e-09
0.0948292	1.58417e-09
0.0815354	1.65547e-08
0.0548111	2.49444e-08
0.0296367	1.7295e-08
0.00775912	1.97682e-08
-0.0154138	2.84188e-08
-0.0315178	2.51221e-08
-0.0391261	1.92291e-08
-0.0568256	1.18951e-08
-0.0830575	-6.06885e-09
-0.101761	-1.16532e-08
-0.130461	-9.82961e-09
-0.147881	-7.91273e-09
-0.0849274	-1.73236e-08
0.0183025	-1.9436e-08
0.0849884	-2.1844e-08
0.133136	-4.08611e-08
0.162595	-5.23687e-08
0.165928	-6.39196e-08
0.178282	-5.95462e-08
0.170607	-4.28707e-08
0.133966	-2.17072e-08
0.136368	-2.33435e-08
0.176937	-1.75696e-08
0.203754	-2.8736e-08
0.189058	-3.66684e-08
0.137203	-4.22383e-08
0.0930037	-3.52512e-08
0.0559878	-2.22969e-08
0.0140757	-7.13285e-09
0.0126862	-1.03891e-08
0.0234557	-1.37968e-08
-0.00569444	-1.93165e-08
-0.0224403	-3.08667e-08
-0.00585663	-3.75766e-08
0.018374	-4.56797e-08
0.0539896	-6.42595e-08
0.0732421	-6.70374e-08
0.0638461	-3.8416e-08
0.0631035	-3.31977e-10
0.0768406	6.51312e-09
0.0994925	-1.48851e-09
0.122511	-1.59379e-08
0.132032	-2.181e-08
0.146467	-2.4289e-08
0.159549	-2.15524e-08
0.145334	-2.94133e-08
0.124764	-2.05497e-08
0.104943	-1.89177e-08
0.0829881	-1.65091e-08
0.0860802	-2.11791e-08
0.0967067	-2.85217e-08
0.0761408	-3.50017e-08
0.0452219	-2.36341e-08
0.033892	-1.77901e-08
0.0523904	-1.49895e-08
0.0990534	-6.01457e-09
0.136508	2.20544e-09
0.142227	-6.20962e-09
0.148486	-5.00327e-09
0.158959	-7.34105e-09
0.137121	-2.06817e-09
0.0940044	8.33652e-09
0.0650308	1.71754e-08
0.0439544	2.2574e-09
0.0323241	-3.25155e-10
0.0448054	4.0467e-09
0.0483669	2.45253e-10
0.018462	-4.18139e-09
-0.0212045	-9.94465e-10
-0.0656889	-3.66745e-09
-0.103788	-1.5077e-08
-0.104961	-1.28778e-08
-0.088537	-1.57537e-08
-0.0776266	-2.25562e-08
-0.0710861	-2.34079e-08
0.0014174	-2.00109e-08
-0.00543091	-1.01819e-08
-0.00693986	-1.14017e-08
-0.00740436	-1.88054e-08
-0.0108574	-1.72468e-08
-0.0147202	-1.61095e-08
-0.0169047	-2.75437e-08
-0.0175516	-3.50349e-08
-0.0161089	-2.50512e-08
-0.0146836	-1.95155e-08
-0.0169641	-1.56772e-08
-0.0221765	-5.23424e-09
-0.0303845	4.48168e-10
-0.0404323	6.48135e-09
-0.0483798	2.46618e-08
-0.0523411	3.05019e-08
-0.0517034	2.27121e-08
-0.0466431	8.14889e-09
-0.0412651	-2.38115e-09
-0.0388	-7.45383e-09
-0.0378176	-1.10752e-09
-0.0346111	-1.19355e-08
-0.0314474	-1.58998e-08
-0.0307349	2.03028e-09
-0.0280902	1.8875e-08
-0.0229675	2.14349e-08
-0.0198045	2.15695e-08
-0.016286	1.34359e-08
-0.0116303	1.05919e-08
-0.00943716	2.28538e-08
-0.00981517	2.28273e-08
-0.0128048	3.42484e-09
-0.0188174	-5.39044e-09
-0.023194	-6.71568e-09
-0.0250275	-1.11251e-08
-0.0258735	-1.67298e-08
-0.0239973	-1.90363e-08
-0.0202124	-3.15511e-08
-0.0180908	-4.14218e-08
-0.018856	-3.75792e-08
-0.0234411	-2.11846e-08
-0.0304155	-1.0673e-09
-0.0375946	2.28566e-08
-0.0421105	4.12836e-08
-0.0420905	4.70709e-08
-0.041744	3.62689e-08
-0.0442398	2.4531e-08
-0.0453925	8.16683e-09
-0.045336	-1.46437e-08
-0.0465205	-2.94206e-08
-0.0475452	-1.54857e-08
-0.0487285	1.96417e-09
-0.0517297	2.54643e-08
-0.0556493	4.52436e-08
-0.0614287	5.25044e-08
-0.0680153	4.54522e-08
-0.0713802	4.69645e-08
-0.0692272	4.64923e-08
-0.0618647	4.39997e-08
-0.051464	3.97164e-08
-0.0411368	3.73614e-08
-0.0317394	2.08229e-08
-0.0253766	-3.06124e-09
-0.0225514	-1.36631e-08
-0.0189264	-1.16408e-08
-0.011242	-1.77035e-08
-0.00303768	-1.62231e-08
0.000451161	-1.17031e-08
0.000364282	-1.90593e-08
0.00312698	-2.03024e-08
0.00734251	-1.29487e-08
0.00710318	-7.74825e-09
0.00402513	1.18009e-08
0.00272499	3.43171e-08
0.00180365	4.08839e-08
-0.000581297	4.25245e-08
-0.00252647	3.23098e-08
0.000170315	1.97879e-08
0.00811573	2.18427e-08
0.0158359	1.83779e-08
0.0178225	1.13543e-08
0.0154106	1.78599e-08
0.00979503	2.31274e-08
-0.00227807	3.07376e-08
-0.0196842	2.90745e-08
-0.0330531	6.86182e-09
-0.0390637	-1.09069e-08
-0.0416563	-8.16853e-09
-0.0414187	2.39065e-09
-0.0387497	8.6619e-09
-0.0370147	1.98188e-08
-0.036357	2.77746e-08
-0.0403163	2.81518e-08
-0.0523504	1.98011e-08
-0.0661284	1.16421e-08
-0.0758995	-3.18938e-09
-0.0835942	-8.29122e-09
-0.088662	2.75118e-09
-0.0883095	1.76148e-08
-0.0807778	1.32154e-08
-0.0678077	2.62122e-08
-0.0545399	2.66036e-08
-0.0436042	1.0597e-08
-0.0349859	8.77508e-09
-0.0313559	1.7246e-08
-0.0321887	1.32124e-08
-0.033968	1.80501e-08
-0.0348174	1.86825e-08
-0.0352581	7.45718e-09
-0.0376386	5.82305e-09
-0.0420459	9.55547e-09
-0.0443496	-6.06943e-10
-0.0443571	-6.58659e-09
-0.0430185	-9.14934e-09
-0.0400373	-4.70371e-09
-0.0366631	2.06528e-09
-0.0319606	1.40877e-08
-0.0245893	2.03845e-08
-0.0195547	2.12975e-08
-0.0194999	1.71304e-08
-0.0226648	2.01212e-08
-0.0278017	2.00667e-08
-0.0339795	1.21245e-08
-0.0414975	4.03403e-09
-0.0510968	2.10487e-09
-0.0587247	-5.32497e-09
-0.0623337	-1.91134e-08
-0.0643229	-3.11475e-08
-0.0660088	-2.11582e-08
-0.0671978	-1.36273e-08
-0.0697265	-1.5222e-08
-0.0761692	-2.10966e-08
-0.0859182	-1.36877e-08
-0.0932777	-1.06019e-08
-0.0973376	6.12005e-10
-0.102028	1.06454e-08
-0.106987	2.46111e-08
-0.110998	3.35209e-08
-0.116318	4.37518e-08
-0.121149	4.24842e-08
-0.123122	4.59616e-08
-0.122977	4.86918e-08
-0.119203	5.75279e-08
-0.109035	5.1228e-08
-0.0959082	4.84788e-08
-0.0839085	4.61071e-08
-0.0720347	3.84002e-08
-0.0588083	1.73971e-08
-0.0465348	1.71611e-08
-0.037271	1.56694e-08
-0.0327574	1.73488e-08
-0.0322975	2.04836e-08
-0.0317132	1.54553e-08
-0.0291612	1.10847e-09
-0.0255658	-7.4927e-09
-0.0187296	-1.37406e-08
-0.01042	-1.74839e-08
-0.00522348	-1.16718e-08
-0.00211734	8.68202e-10
-7.94239e-06	7.28283e-09
-0.00176786	1.25275e-08
-0.00691189	2.00236e-08
-0.0136989	1.99329e-08
-0.0198181	1.22943e-08
-0.0227164	1.33383e-08
-0.0226422	9.17633e-09
-0.0206991	6.68548e-12
-0.0173295	-5.51562e-09
-0.0154672	-9.12285e-09
-0.015886	-1.28559e-08
-0.017417	-6.37465e-09
-0.0204319	7.0541e-09
-0.025808	1.73981e-08
-0.0310202	1.86411e-08
-0.0309189	2.36915e-08
-0.0251134	3.04055e-08
-0.0212928	2.53098e-08
-0.021787	1.45681e-08
-0.0237275	1.2588e-08
-0.0286928	1.93865e-09
-0.0370773	1.78702e-09
-0.045649	1.83507e-08
-0.0538219	3.20964e-08
-0.0579529	3.02232e-08
-0.0557497	2.62364e-08
-0.0518599	1.87138e-08
-0.0489992	2.09136e-08
-0.0463034	2.32054e-08
-0.0460738	2.25434e-08
-0.0495806	1.75379e-08
-0.0541058	1.26791e-08
-0.0537262	1.55941e-08
-0.0470445	2.67039e-08
-0.040324	2.08048e-08
-0.0361506	2.08406e-08
-0.029053	2.62024e-08
-0.0178939	2.04827e-08
-0.00701442	3.08301e-09
-0.000898524	-1.8048e-08
0.000538851	-3.73267e-08
0.00154628	-3.13715e-08
0.00173613	-1.34116e-08
-0.00325776	-9.68484e-09
-0.00846127	-2.02239e-08
-0.00730806	-3.5379e-08
-0.00324124	-3.68567e-08
-0.0019807	-3.18616e-08
-0.0031308	-3.70656e-08
-0.00546825	-2.81621e-08
-0.0092948	-5.17645e-09
-0.0144321	7.39049e-09
-0.018594	5.54041e-09
-0.0201288	-1.84787e-09
-0.0195808	-9.79429e-09
-0.019885	-3.93627e-09
-0.0214734	-5.85923e-09
-0.0214906	-7.82097e-09
-0.0197117	5.33638e-09
-0.0198619	1.85631e-08
-0.0234004	2.57655e-08
-0.0306799	2.88549e-08
-0.0388308	2.14145e-08
-0.0420495	1.98228e-08
-0.0411441	1.75633e-08
-0.0410991	1.35315e-08
-0.039104	1.44371e-08
-0.0332563	1.121e-08
-0.0282532	-1.13736e-09
-0.0267099	3.3986e-09
-0.0267953	3.39524e-09
-0.0274392	-1.77579e-09
-0.0281476	-1.79179e-09
-0.0289262	-7.49822e-09
-0.0298725	-1.96538e-08
-0.0319697	-2.13207e-08
-0.0347273	-1.88317e-08
-0.0372586	-1.0872e-08
-0.0393528	-5.08569e-09
-0.0388248	2.20296e-10
-0.034928	6.84434e-09
-0.0337295	5.59136e-09
-0.0373315	-6.14783e-09
-0.042743	-9.76658e-09
-0.049078	-2.09981e-08
-0.0539482	-2.01195e-08
-0.054962	-2.05567e-09
-0.0548318	1.97961e-08
-0.0513142	2.66582e-08
-0.0410907	2.29726e-08
-0.0288743	1.01468e-08
-0.0197603	9.92729e-09
-0.0135064	1.58895e-08
-0.00829745	1.3876e-08
-0.00252346	9.31814e-09
0.001467	1.17361e-09
0.00316823	-2.45461e-09
0.00525901	1.29021e-08
0.00599223	2.07493e-08
0.0031158	1.07528e-08
-7.49998e-05	7.64665e-09
-0.00228417	1.01307e-08
-0.00403988	1.57647e-09
-0.00592432	-6.43637e-09
-0.00892907	-1.11691e-08
-0.0128418	-1.69447e-08
-0.017778	-1.25778e-08
-0.0250697	7.62416e-09
-0.0320991	1.94037e-08
-0.0369129	1.4572e-08
-0.04021	3.90337e-09
-0.0428703	-3.0657e-09
-0.0479805	-9.58004e-09
-0.0580758	-7.86685e-09
-0.0674724	-6.90193e-09
-0.0700043	-6.33191e-09
-0.0667095	-1.88692e-08
-0.0616479	-1.81647e-08
-0.0560505	-1.8376e-08
-0.0510363	-1.57579e-08
-0.0475833	-7.04128e-09
-0.0443835	1.35661e-08
-0.0400756	2.02997e-08
-0.0359401	1.37096e-08
-0.0320335	1.08469e-08
-0.0291347	1.38306e-08
-0.0278907	1.11326e-08
-0.0256135	5.70956e-09
-0.0211407	-2.34673e-09
-0.0163416	5.36724e-10
-0.00854214	8.80878e-09
0.00249087	5.25531e-09
0.0103173	1.1192e-09
0.0123407	1.10087e-08
0.0121071	1.2087e-08
0.00981545	3.79065e-09
0.00498442	8.95683e-09
0.00111956	1.53993e-08
-0.000419877	1.55331e-08
-0.00564935	2.56534e-08
-0.0168463	3.80511e-08
-0.0282549	4.53392e-08
-0.0354371	5.45028e-08
-0.0390801	5.65518e-08
-0.0409898	4.57926e-08
-0.042025	3.63602e-08
-0.0384458	1.42342e-08
-0.0301574	-1.14849e-08
-0.0239124	-2.39571e-08
-0.02099	-1.3505e-08
-0.017864	9.18801e-09
-0.016453	2.92067e-08
-0.018165	2.41778e-08
-0.0238677	1.13558e-08
-0.0343041	5.41917e-09
-0.0451272	3.44752e-09
-0.0533532	3.11622e-10
-0.059979	-7.83307e-09
-0.0603071	-3.28103e-08
-0.0521702	-4.55614e-08
-0.0426249	-3.89352e-08
-0.0392657	-3.29109e-08
-0.0432992	-3.6474e-08
-0.0507541	-2.8862e-08
-0.0587486	-2.33347e-08
-0.0698066	-1.14703e-08
-0.0820147	-5.43652e-10
-0.0892541	4.11217e-09
-0.0903397	8.25921e-09
-0.0885017	3.63256e-08
-0.0852357	4.78096e-08
-0.0774306	3.87528e-08
-0.060859	3.16795e-08
-0.0419194	3.03821e-08
-0.0304676	2.56105e-08
-0.0267927	3.06462e-08
-0.0281049	2.36412e-08
-0.0340828	1.19145e-08
-0.0395406	1.18572e-08
-0.0391783	9.62095e-09
-0.0341393	-2.00358e-08
-0.0286941	-2.44087e-08
-0.024656	-2.82782e-08
-0.0227746	-2.59743e-08
-0.023026	-2.21559e-08
-0.0235009	-2.42779e-08
-0.0235824	-2.19777e-08
-0.0274157	-1.74591e-08
-0.0348262	-2.2876e-08
-0.0408953	-1.39779e-08
-0.045357	2.5618e-09
-0.0516212	1.05575e-08
-0.0598151	1.30701e-08
-0.0679009	1.70082e-08
-0.0731147	2.01151e-08
-0.0770337	3.26822e-08
-0.0840461	3.12092e-08
-0.0924485	4.30178e-08
-0.0954403	5.66018e-08
-0.0914535	5.50689e-08
-0.0821227	3.79854e-08
-0.0680536	2.42559e-08
-0.0514276	7.40941e-09
-0.0374418	8.5148e-09
-0.0288312	2.23437e-08
-0.027146	3.78517e-08
-0.0341809	4.37165e-08
-0.0484734	3.14559e-08
-0.0664135	1.52797e-08
-0.0853109	1.47496e-08
-0.0978126	6.8004e-09
-0.0987328	5.8406e-09
-0.0920687	9.22665e-10
-0.082971	6.15189e-09
-0.0752824	1.20264e-08
-0.0729911	1.59628e-08
-0.0728803	5.56142e-09
-0.0730846	1.13634e-08
-0.0759982	2.31921e-08
-0.0757362	2.96317e-08
-0.0655518	1.86408e-08
-0.0511781	-1.48921e-09
-0.0385007	-1.69279e-08
-0.0273442	-2.42418e-08
-0.0174693	-4.05111e-08
-0.0112189	-4.35333e-08
-0.0102308	-3.97518e-08
-0.0124374	-4.79735e-08
-0.0143529	-4.66039e-08
-0.0151138	-2.48663e-08
-0.0121451	-1.71332e-08
-0.00488511	-1.96117e-08
0.00239906	-1.20303e-08
0.00586911	1.14539e-09
0.00245741	6.83097e-09
-0.0093308	1.03785e-08
-0.0238738	1.63827e-08
-0.0367742	1.81687e-08
-0.0479994	1.7476e-08
-0.0565188	2.21737e-08
-0.0607768	2.07884e-08
-0.0597047	2.07848e-08
-0.0525279	1.93957e-08
-0.0440227	2.20323e-08
-0.0398817	2.09493e-08
-0.0416695	2.29247e-08
-0.0480765	2.3802e-08
-0.0567476	3.43642e-08
-0.0646417	3.63512e-08
-0.0687682	3.95878e-08
-0.066301	3.31485e-08
-0.0585388	5.0015e-09
-0.0475217	-1.28653e-08
-0.0349156	6.07623e-10
-0.0253896	-2.09491e-09
-0.0212222	-1.26459e-08
-0.01729	-1.29544e-08
-0.0105213	-1.8525e-08
-0.0024805	-2.34628e-08
0.00454507	-1.55373e-08
0.0105474	-9.65844e-09
0.0171912	-7.20307e-09
0.0235016	-9.19211e-09
0.0253816	-1.21076e-08
0.0239119	-3.93896e-09
0.0208643	2.66738e-09
0.0121985	6.81091e-09
-0.00168896	1.56033e-08
-0.00987297	2.12334e-08
-0.00902638	2.2233e-08
-0.00808713	2.06502e-08
-0.0110677	1.61897e-08
-0.0145395	1.34436e-08
-0.0194497	3.04064e-09
-0.0273836	-1.63795e-08
-0.0386373	-1.35196e-08
-0.0530588	-4.44262e-09
-0.0656681	5.68342e-09
-0.0731896	2.19494e-08
-0.0803263	3.66494e-08
-0.0856922	2.71287e-08
-0.0836263	3.19543e-08
-0.0757373	4.39951e-08
-0.0652303	3.8156e-08
-0.0521164	2.43725e-08
-0.0378921	2.13019e-08
-0.0238636	1.13577e-09
-0.0130035	-1.99937e-08
-0.0082306	-2.47984e-08
-0.00797266	-2.81813e-08
-0.00909268	-2.44197e-08
-0.0121857	-1.38494e-08
-0.0189239	-2.79366e-08
-0.0267915	-3.56346e-08
-0.0287412	-2.8167e-08
-0.0254302	-3.55245e-08
-0.024239	-3.19594e-08
-0.0253988	-2.05577e-09
-0.0235511	5.77632e-09
-0.0179955	2.41825e-09
-0.0118179	-2.29313e-09
-0.01011	-2.63473e-08
-0.0136251	-3.91673e-08
-0.0189969	-3.02343e-08
-0.0252258	-2.66833e-08
-0.0303359	-1.33425e-08
-0.0303223	4.07018e-09
-0.0274605	1.26017e-08
-0.0236886	1.23238e-08
-0.0178827	5.79867e-09
-0.011845	-8.20662e-09
-0.00691506	-1.2282e-08
-0.000967365	-2.49851e-08
0.0055513	-4.05933e-08
0.0111857	-3.74065e-08
0.0165469	-2.44583e-08
0.0250592	-9.00286e-09
0.0369322	-2.22152e-09
0.0467711	-7.92943e-09
0.0536391	-1.84159e-08
0.0634294	-1.91761e-08
0.0750373	-1.21502e-08
0.082569	9.48417e-10
0.0840544	-1.4139e-09
0.0813389	-4.16977e-09
0.078628	-2.6371e-09
0.078557	2.41054e-09
0.0771518	-5.22476e-09
0.0730495	-4.74858e-09
0.0697903	4.24256e-09
0.0672734	1.43347e-08
0.0634693	8.96453e-09
0.0616443	-2.86306e-09
0.0628335	-1.74045e-08
0.0634196	-1.84838e-08
0.0626438	-1.74753e-08
0.0613598	-1.90717e-08
0.0578516	-2.90084e-08
0.0555441	-2.90466e-08
0.0577145	-1.47001e-08
0.0594919	-2.56677e-09
0.0586515	-1.32359e-08
0.0596033	-7.50279e-09
0.0608396	6.9123e-09
0.0589298	1.20248e-08
0.0561264	1.35448e-08
0.0573569	1.21107e-08
0.063807	-7.61017e-10
0.0691889	7.73214e-09
0.0662852	2.15275e-08
0.0593975	2.52166e-08
0.0557563	1.90256e-08
0.055022	1.5482e-08
0.0544701	1.43967e-08
0.0539007	1.30089e-08
0.0513669	-6.76016e-09
0.0441004	-2.75094e-08
0.0334736	-3.57779e-08
0.0245854	-3.52692e-08
0.0178677	-3.6407e-08
0.0122974	-3.39267e-08
0.00978162	-2.76488e-08
0.00985691	-1.89222e-08
0.0106361	-8.98056e-09
0.0125332	6.28129e-09
0.0118464	1.49098e-08
0.00737635	1.24366e-08
0.00354914	1.59136e-08
0.000279458	2.47469e-08
-0.00411542	1.80581e-08
-0.00733686	3.3934e-09
-0.0104992	-3.70107e-09
-0.0123696	-7.26023e-09
-0.00752532	-1.79734e-09
0.00446772	-1.22813e-09
0.0202969	4.36461e-09
0.0378476	3.13345e-08
0.054299	4.48502e-08
0.068296	3.33387e-08
0.0780452	2.03294e-08
0.0816059	1.01932e-08
0.0790171	-1.05295e-08
0.0728824	-1.15256e-08
0.069088	-2.00289e-08
0.0706265	-4.41115e-08
0.0702094	-5.81056e-08
0.0652672	-5.41987e-08
0.0628445	-5.41265e-08
0.0640248	-4.37748e-08
0.064746	-3.55381e-08
0.0671622	-3.99051e-08
0.0716126	-5.10248e-08
0.0716147	-4.3893e-08
0.0620801	-2.75697e-08
0.0472957	-3.21739e-09
0.0363119	1.34017e-08
0.0322494	1.53888e-08
0.0298433	1.37719e-08
0.0276521	1.40635e-08
0.0306018	-7.1975e-09
0.0381153	-3.22418e-08
0.0419311	-4.95631e-08
0.0412504	-5.92092e-08
0.0419007	-4.23952e-08
0.0441397	-3.44489e-09
0.0447476	1.70939e-08
0.0438822	3.09216e-08
0.0427435	3.13663e-08
0.045297	1.8935e-08
0.0535199	1.54358e-08
0.0624938	1.58555e-08
0.0680101	6.28922e-09
0.0706018	1.22004e-08
0.0695557	9.55294e-09
0.0665622	-9.665e-09
0.0661843	-3.25522e-08
0.0698722	-3.87068e-08
0.0748959	-4.09234e-08
0.0777864	-4.56547e-08
0.0743437	-4.8576e-08
0.0638583	-3.3722e-08
0.0509489	-2.65856e-08
0.0376407	-2.47714e-08
0.0192597	-2.36436e-08
-0.000352167	-1.83447e-08
-0.0100226	-5.34086e-09
-0.0104671	1.14645e-08
-0.00874183	2.49878e-08
-0.00381225	2.6532e-08
0.00359295	1.14516e-08
0.0118324	1.67171e-09
0.0234172	4.83538e-09
0.0359105	4.9884e-09
0.0440596	7.49376e-09
0.0482678	1.64263e-08
0.0484574	1.27046e-08
