0	0	1.84462e-07
1	2.04698	2.04698
2	5.73459	-0.5486
3	5.35069	-0.932497
4	2.66803	2.66803
5	2.14025	2.14025
6	1.63984	1.63984
7	6.00418	-0.279007
8	5.95126	-0.331925
9	4.21566	-2.06752
10	3.71525	-2.56793
11	2.3964	2.3964
12	4.34023	-1.94296
13	1.02411	1.02411
14	5.45685	-0.826333
15	1.74346	1.74346
16	1.59299	1.59299
17	3.44568	-2.8375
18	2.07594	2.07594
19	1.96702	1.96702
20	1.56642	1.56642
21	0.313855	0.313856
22	0.112297	0.112297
23	5.15922	-1.12397
24	3.66645	-2.61673
25	0.964561	0.964562
26	0.486352	0.486352
27	0.282548	0.282548
28	5.02931	-1.25388
29	3.7071	-2.57609
30	5.69343	-0.589759
31	3.80475	-2.47844
32	3.06422	3.06422
33	5.85211	-0.431078
34	4.72399	-1.5592
35	3.87347	-2.40972
36	3.27995	-3.00323
37	2.98746	2.98746
38	2.60594	2.60594
39	1.81096	1.81096
40	5.49857	-0.784618
41	3.90641	-2.37678
42	3.24297	-3.04022
43	1.23096	1.23096
44	0.224546	0.224546
45	5.69068	-0.592505
46	3.149	-3.13418
47	2.74361	2.74361
48	2.07492	2.07492
49	0.68452	0.68452
50	5.31462	-0.968561
51	1.77621	1.77621
52	1.44889	1.44889
53	1.40449	1.40449
54	1.22302	1.22302
55	5.7826	-0.500587
56	1.85182	1.85182
57	3.93726	-2.34593
58	3.43188	-2.8513
59	0.61011	0.61011
60	0.161252	0.161252
61	4.1567	-2.12649
62	2.91717	2.91717
63	1.35118	1.35118
64	5.63593	-0.647253
65	2.2429	2.2429
66	0.852503	0.852504
67	4.84795	-1.43523
68	1.33126	1.33126
69	4.78578	-1.49741
70	2.87125	2.87125
71	0.629603	0.629603
72	6.14244	-0.140745
73	6.13401	-0.149172
74	2.72109	2.72109
75	5.05856	-1.22462
76	4.67229	-1.6109
77	2.05224	2.05224
78	1.78731	1.78731
79	1.45298	1.45298
80	5.49451	-0.788673
81	4.84414	-1.43905
82	3.42942	-2.85376
83	4.96964	-1.31355
84	1.25624	1.25624
85	4.07557	-2.20762
86	2.64335	2.64335
87	1.91088	1.91088
88	0.832128	0.832129
89	0.144989	0.14499
90	3.59951	-2.68368
91	2.5299	2.5299
92	3.99779	-2.28539
93	2.98543	2.98543
94	2.48998	2.48999
95	1.87077	1.87077
96	1.04816	1.04816
97	5.99565	-0.287533
98	5.39443	-0.888751
99	5.37547	-0.907712
100	4.55564	-1.72754
101	4.03536	-2.24782
102	0.783484	0.783485
103	4.50721	-1.77598
104	3.31282	-2.97036
105	1.20342	1.20342
106	5.63616	-0.647026
107	5.2594	-1.02379
108	4.50805	-1.77514
109	3.95515	-2.32803
110	3.76031	-2.52287
111	1.19488	1.19488
112	4.67685	-1.60633
113	4.26666	-2.01652
114	1.96853	1.96853
115	3.77212	-2.51106
116	0.632706	0.632706
117	0.6306	0.6306
118	5.6448	-0.638384
119	2.43714	2.43714
120	1.46909	1.46909
121	0.94631	0.94631
122	0.526518	0.526518
123	4.24427	-2.03891
124	1.33777	1.33778
125	4.9255	-1.35769
126	3.5003	-2.78289
127	2.985	2.985
128	1.83185	1.83185
129	0.159387	0.159387
130	5.66403	-0.619151
131	3.26445	-3.01874
132	2.37724	2.37724
133	5.41746	-0.86573
134	4.39313	-1.89005
135	2.39469	2.39469
136	0.445242	0.445242
137	5.71607	-0.567118
138	5.17828	-1.10491
139	4.66298	-1.6202
140	2.95126	2.95126
141	2.80078	2.80078
142	4.6771	-1.60609
143	2.98117	2.98117
144	5.41969	-0.863491
145	3.94491	-2.33828
146	0.86292	0.86292
147	0.116983	0.116984
148	0.0145867	0.0145868
149	5.45567	-0.82752
150	1.07185	1.07185
151	5.4231	-0.860083
152	4.63363	-1.64955
153	3.39411	-2.88908
154	2.552	2.552
155	0.466202	0.466202
156	2.83343	2.83343
157	1.40824	1.40824
158	4.58509	-1.69809
159	4.14111	-2.14207
160	3.45397	-2.82921
161	2.45645	2.45645
162	0.949233	0.949234
163	5.11354	-1.16965
164	4.95865	-1.32454
165	1.72459	1.72459
166	0.162314	0.162314
167	5.3391	-0.944084
168	4.75833	-1.52486
169	3.905	-2.37818
170	2.20907	2.20907
171	1.99853	1.99853
172	5.15892	-1.12426
173	4.69055	-1.59263
174	3.83442	-2.44876
175	3.56264	-2.72055
176	1.06181	1.06181
177	0.946371	0.946371
178	6.05111	-0.232071
179	3.28363	-2.99955
180	3.23924	-3.04395
181	2.54946	2.54946
182	2.20106	2.20106
183	0.711901	0.711901
184	4.96029	-1.3229
185	3.05441	3.05441
186	2.73875	2.73875
187	0.942366	0.942366
188	4.97881	-1.30437
189	4.27043	-2.01275
190	2.07877	2.07877
191	1.52082	1.52082
192	1.50818	1.50818
193	0.896697	0.896697
194	4.6675	-1.61568
195	4.62523	-1.65795
196	3.97747	-2.30572
197	2.62482	2.62482
198	1.87347	1.87347
199	5.49931	-0.783874
200	3.34675	-2.93643
201	5.04328	-1.23991
202	4.04279	-2.24039
203	2.87385	2.87385
204	2.5113	2.5113
205	0.0104734	0.0104736
206	5.22405	-1.05914
207	4.2206	-2.06259
208	3.83194	-2.45124
209	3.40973	-2.87345
210	3.2238	-3.05938
211	1.93499	1.93499
212	1.5748	1.5748
213	6.16597	-0.117215
214	3.78818	-2.495
215	5.36222	-0.920967
216	1.23749	1.23749
217	3.28448	-2.99871
218	3.26552	-3.01767
219	5.7582	-0.524988
220	5.44254	-0.84065
221	2.30312	2.30312
222	0.362446	0.362446
223	6.16004	-0.123143
224	5.18906	-1.09413
225	4.91037	-1.37281
226	0.54907	0.54907
227	5.51004	-0.773141
228	3.85696	-2.42622
229	1.19333	1.19333
230	0.9284	0.928401
231	5.48798	-0.795205
232	2.03448	2.03448
233	5.79944	-0.483742
234	1.98216	1.98216
235	1.0053	1.0053
236	0.33134	0.33134
237	3.28905	-2.99413
238	2.95472	2.95472
239	2.78436	2.78436
240	5.75143	-0.531757
241	4.92048	-1.36271
242	3.82024	-2.46295
243	2.54796	2.54796
244	1.02254	1.02254
245	0.924492	0.924492
246	0.869433	0.869433
247	3.99645	-2.28674
248	3.74749	-2.53569
249	3.33011	-2.95308
250	3.00747	3.00747
251	1.947	1.947
252	1.03979	1.03979
253	0.51201	0.51201
254	5.17278	-1.11041
255	0.765907	0.765907
256	0.454885	0.454885
257	5.34076	-0.94243
258	4.56768	-1.71551
259	2.57822	2.57822
260	2.25324	2.25324
261	1.71544	1.71544
262	1.55834	1.55834
263	0.312299	0.312299
264	5.08827	-1.19492
265	4.33692	-1.94627
266	1.96997	1.96997
267	1.62861	1.62861
268	1.46046	1.46046
269	0.480669	0.480669
270	0.279111	0.279111
271	0.243208	0.243208
272	5.136	-1.14719
273	4.66763	-1.61556
274	3.53951	-2.74368
275	1.8748	1.8748
276	5.3905	-0.892684
277	4.59552	-1.68766
278	3.75622	-2.52696
279	2.31695	2.31695
280	1.93305	1.93305
281	6.09256	-0.190626
282	4.12542	-2.15777
283	2.66846	2.66846
284	1.82074	1.82074
285	1.04766	1.04767
286	5.03794	-1.24525
287	2.94276	2.94276
288	2.32354	2.32354
289	1.43348	1.43348
290	0.134697	0.134697
291	2.86853	2.86853
292	0.474429	0.474429
293	5.28996	-0.993227
294	2.68829	2.68829
295	2.59886	2.59886
296	6.18658	-0.0966004
297	5.39436	-0.888823
298	3.9052	-2.37798
299	3.57788	-2.7053
300	0.551299	0.551299
301	6.00631	-0.27687
302	5.14175	-1.14143
303	4.74355	-1.53963
304	4.58866	-1.69453
305	3.75215	-2.53103
306	5.83759	-0.445597
307	5.63828	-0.64491
308	4.12378	-2.15941
309	1.99051	1.99051
310	1.72558	1.72558
311	0.531198	0.531199
312	6.02492	-0.25827
313	3.32945	-2.95373
314	2.33193	2.33193
315	5.0767	-1.20649
316	3.50699	-2.77619
317	2.76106	2.76106
318	1.04933	1.04933
319	4.4689	-1.81428
320	2.14457	2.14457
321	1.27151	1.27151
322	6.12601	-0.157177
323	5.42826	-0.854925
324	5.24456	-1.03863
325	3.12088	3.12088
326	4.41801	-1.86518
327	3.86511	-2.41807
328	2.91168	2.91168
329	2.11945	2.11945
330	1.53868	1.53868
331	1.09954	1.09954
332	0.579261	0.579262
333	5.44074	-0.842441
334	3.55207	-2.73112
335	1.10253	1.10253
336	0.706726	0.706726
337	4.88999	-1.39319
338	4.21603	-2.06716
339	4.02564	-2.25754
340	0.661923	0.661923
341	0.464855	0.464855
342	0.224978	0.224978
343	4.06987	-2.21332
344	2.11157	2.11157
345	1.9677	1.9677
346	5.45646	-0.826722
347	3.98524	-2.29794
348	1.7385	1.7385
349	4.88227	-1.40091
350	2.03271	2.03271
351	4.98093	-1.30226
352	1.53767	1.53767
353	1.26359	1.26359
354	1.25306	1.25306
355	6.13201	-0.151178
356	3.9843	-2.29888
357	3.1478	-3.13539
358	5.34106	-0.942127
359	5.23431	-1.04887
360	1.10959	1.10959
361	0.52627	0.52627
362	5.64685	-0.636339
363	4.99647	-1.28672
364	4.91568	-1.36751
365	0.329016	0.329016
366	4.14574	-2.13744
367	3.94419	-2.339
368	1.1086	1.1086
369	1.03212	1.03212
370	0.62193	0.62193
371	5.02499	-1.2582
372	0.2097	0.2097
373	4.56533	-1.71786
374	3.61771	-2.66548
375	2.06287	2.06287
376	0.323265	0.323265
377	2.85508	2.85508
378	1.76099	1.76099
379	0.769397	0.769397
380	0.594603	0.594603
381	0.347933	0.347933
382	5.06513	-1.21806
383	3.22307	-3.06011
384	2.22259	2.22259
385	2.00082	2.00082
386	5.31101	-0.972179
387	5.23237	-1.05082
388	3.62513	-2.65806
389	0.129828	0.129828
390	4.99131	-1.29187
391	4.48842	-1.79477
392	2.04451	2.04451
393	1.28504	1.28504
394	0.0970524	0.0970525
395	4.90188	-1.3813
396	3.89251	-2.39068
397	1.99096	1.99096
398	0.705473	0.705473
399	3.41706	-2.86612
400	2.91665	2.91665
401	2.38887	2.38887
402	1.61033	1.61033
403	1.55741	1.55741
404	5.7312	-0.551987
405	5.02813	-1.25505
406	3.51364	-2.76955
407	2.92777	2.92777
408	1.44942	1.44942
409	0.245443	0.245443
410	0.0281668	0.0281669
411	5.44679	-0.836398
412	3.78596	-2.49723
413	0.52503	0.52503
414	0.361302	0.361302
415	6.24869	-0.0345
416	5.27476	-1.00842
417	5.08215	-1.20104
418	4.48093	-1.80225
419	4.27937	-2.00381
420	3.58694	-2.69624
421	2.20692	2.20692
422	1.20051	1.20051
423	4.70281	-1.58037
424	2.51606	2.51606
425	0.644475	0.644475
426	4.3199	-1.96328
427	3.52217	-2.76102
428	2.47681	2.47681
429	1.05161	1.05161
430	0.390784	0.390784
431	0.14638	0.14638
432	6.24586	-0.0373234
433	5.71307	-0.570112
434	4.74796	-1.53523
435	1.93995	1.93995
436	0.855093	0.855094
437	0.560304	0.560304
438	3.90776	-2.37543
439	3.26261	-3.02058
440	2.22931	2.22931
441	2.02775	2.02775
442	4.78344	-1.49974
443	2.98295	2.98295
444	0.52215	0.52215
445	4.19146	-2.09173
446	3.16713	-3.11605
447	1.54472	1.54472
448	0.831018	0.831018
449	5.87794	-0.405249
450	2.88218	2.88218
451	0.870165	0.870165
452	4.73173	-1.55146
453	4.08396	-2.19922
454	1.54229	1.54229
455	1.1273	1.1273
456	0.86009	0.86009
457	2.96426	2.96426
458	2.68557	2.68557
459	1.8574	1.8574
460	0.595003	0.595004
461	0.417982	0.417982
462	0.27849	0.278491
463	4.0376	-2.24558
464	2.38452	2.38452
465	5.45128	-0.831903
466	4.35412	-1.92907
467	4.13235	-2.15084
468	3.89021	-2.39298
469	1.52863	1.52863
470	5.38463	-0.898554
471	2.10557	2.10557
472	5.68043	-0.602752
473	5.59532	-0.687861
474	5.13915	-1.14404
475	4.62386	-1.65933
476	3.79569	-2.4875
477	0.525706	0.525706
478	2.3784	2.3784
479	1.63788	1.63788
480	5.67432	-0.60886
481	3.09087	3.09087
482	1.20219	1.20219
483	0.763053	0.763053
484	5.15756	-1.12562
485	5.12803	-1.15516
486	3.82925	-2.45394
487	1.71985	1.71985
488	4.96865	-1.31453
489	3.48669	-2.79649
490	2.65297	2.65297
491	2.63401	2.63401
492	0.61747	0.61747
493	0.149099	0.149099
494	2.91559	2.91559
495	2.61153	2.61153
496	6.22474	-0.0584481
497	3.31824	-2.96495
498	1.04597	1.04597
499	0.22058	0.220581
500	3.34759	-2.93559
501	1.146	1.146
502	3.93388	-2.3493
503	2.31906	2.31906
504	1.79878	1.79878
505	4.57599	-1.70719
506	3.49114	-2.79205
507	2.3568	2.3568
508	2.16641	2.16641
509	4.65909	-1.62409
510	3.53718	-2.746
511	3.50553	-2.77766
512	5.88732	-0.395865
513	4.96863	-1.31456
514	4.49534	-1.78785
515	4.10193	-2.18126
516	0.850048	0.850048
517	5.66914	-0.614042
518	4.55656	-1.72663
519	4.46066	-1.82252
520	4.43959	-1.84359
521	4.24475	-2.03843
522	4.15317	-2.13001
523	2.44145	2.44145
524	4.61742	-1.66576
525	3.07732	3.07732
526	2.61383	2.61383
527	5.93905	-0.344139
528	4.91771	-1.36547
529	2.94167	2.94167
530	0.315455	0.315455
531	6.24788	-0.0353034
532	4.32904	-1.95415
533	1.1387	1.1387
534	6.18562	-0.0975614
535	3.98403	-2.29915
536	3.95238	-2.33081
537	2.84906	2.84906
538	1.43085	1.43085
539	0.644118	0.644118
540	6.28215	-0.00103391
541	5.72421	-0.558976
542	5.45472	-0.828468
543	1.8605	1.8605
544	0.4388	0.4388
545	0.0762485	0.0762486
546	5.25919	-1.024
547	3.67454	-2.60864
548	0.559978	0.559978
549	3.41009	-2.8731
550	3.31635	-2.96683
551	2.91815	2.91815
552	0.572621	0.572621
553	0.444089	0.444089
554	6.14141	-0.141774
555	4.42177	-1.86142
556	2.47672	2.47672
557	2.40882	2.40882
558	5.72652	-0.556662
559	4.55758	-1.7256
560	2.57707	2.57707
561	3.47262	-2.81057
562	3.3637	-2.91949
563	0.43532	0.43532
564	0.126617	0.126617
565	5.96582	-0.317363
566	3.99868	-2.2845
567	3.70849	-2.57469
568	5.98407	-0.299116
569	2.16679	2.16679
570	5.14321	-1.13997
571	5.01687	-1.26631
572	1.53211	1.53211
573	0.991818	0.991818
574	5.59082	-0.692362
575	4.02855	-2.25463
576	3.34405	-2.93914
577	2.85354	2.85354
578	2.23948	2.23948
579	1.54439	1.54439
580	1.41805	1.41805
581	5.96164	-0.321548
582	4.3845	-1.89869
583	2.87728	2.87728
584	2.53593	2.53593
585	5.88338	-0.399803
586	2.03872	2.03872
587	1.65007	1.65007
588	2.89677	2.89677
589	1.80576	1.80576
590	0.901415	0.901415
591	0.418286	0.418286
592	5.04064	-1.24255
593	5.01323	-1.26996
594	2.20522	2.20522
595	5.27198	-1.0112
596	6.05274	-0.230442
597	3.96694	-2.31624
598	3.25856	-3.02462
599	2.82426	2.82426
600	2.47114	2.47114
601	0.974774	0.974774
602	5.68082	-0.602365
603	3.63225	-2.65094
604	1.07871	1.07871
605	3.61053	-2.67265
606	0.984316	0.984316
607	5.8423	-0.440881
608	3.20372	-3.07947
609	5.34442	-0.938762
610	0.253127	0.253127
611	3.6442	-2.63898
612	1.88043	1.88043
613	6.21416	-0.069023
614	4.46655	-1.81663
615	3.8318	-2.45139
616	3.48104	-2.80214
617	1.57517	1.57517
618	0.903839	0.903839
619	0.726817	0.726817
620	4.28217	-2.00102
621	3.99658	-2.2866
622	2.37037	2.37037
623	4.00787	-2.27531
624	3.52966	-2.75352
625	1.88811	1.88811
626	6.0619	-0.221288
627	5.16612	-1.11707
628	4.08432	-2.19887
629	3.12506	3.12506
630	3.1082	3.1082
631	2.18086	2.18086
632	1.18038	1.18038
633	5.94543	-0.337758
634	5.09491	-1.18828
635	3.70105	-2.58213
636	3.22284	-3.06034
637	2.62932	2.62932
638	1.48558	1.48558
639	6.05307	-0.23011
640	4.33739	-1.9458
641	2.5037	2.5037
642	0.482629	0.482629
643	0.00441904	0.00441923
644	3.78678	-2.49641
645	3.77203	-2.51115
646	3.49335	-2.78984
647	1.65965	1.65965
648	0.800719	0.800719
649	0.0976533	0.0976535
650	6.01121	-0.271974
651	5.3108	-0.972381
652	4.57834	-1.70485
653	1.10412	1.10412
654	0.715463	0.715463
655	6.15374	-0.129448
656	4.87488	-1.40831
657	4.57082	-1.71237
658	0.793479	0.793479
659	0.542244	0.542245
660	3.48095	-2.80224
661	5.93319	-0.349996
662	5.45498	-0.828206
663	5.21963	-1.06356
664	4.41363	-1.86955
665	1.65285	1.65285
666	0.577142	0.577143
667	4.66371	-1.61948
668	0.446919	0.44692
669	3.64001	-2.64317
670	1.96367	1.96367
671	1.41077	1.41077
672	0.471879	0.471879
673	3.60729	-2.6759
674	2.08915	2.08915
675	6.18067	-0.102514
676	5.0149	-1.26829
677	4.81109	-1.47209
678	2.12205	2.12205
679	1.55146	1.55146
680	0.407713	0.407713
681	5.52512	-0.758063
682	3.86817	-2.41502
683	1.69124	1.69124
684	0.624673	0.624673
685	6.17539	-0.107793
686	5.41863	-0.864554
687	3.03542	3.03542
688	0.551859	0.551859
689	5.65344	-0.629748
690	5.65344	-0.629748
691	3.09397	3.09397
692	2.2658	2.2658
693	0.86157	0.86157
694	5.93758	-0.345603
695	5.51779	-0.765395
696	3.36523	-2.91795
697	1.85437	1.85437
698	0.611589	0.611589
699	5.20276	-1.08043
700	4.39125	-1.89193
701	3.38484	-2.89834
702	6.12961	-0.153574
703	5.35107	-0.932112
704	5.11572	-1.16746
705	3.37212	-2.91107
706	3.24139	-3.04179
707	1.13199	1.13199
708	0.769443	0.769443
709	5.38017	-0.903017
710	3.28968	-2.9935
711	2.61836	2.61836
712	2.55474	2.55474
713	5.54045	-0.742738
714	5.22943	-1.05376
715	2.09001	2.09001
716	1.89517	1.89517
717	5.27905	-1.00413
718	5.13518	-1.14801
719	4.26212	-2.02106
720	1.61728	1.61728
721	0.46726	0.46726
722	4.36182	-1.92137
723	1.90102	1.90102
724	5.801	-0.482188
725	5.60168	-0.681501
726	4.01703	-2.26615
727	3.71993	-2.56325
728	3.1417	-3.14148
729	0.374223	0.374223
730	0.150192	0.150193
731	4.44839	-1.8348
732	3.39397	-2.88922
733	3.33677	-2.94641
734	0.660457	0.660457
735	5.40722	-0.875969
736	3.12979	3.12979
737	2.01099	2.01099
738	1.28389	1.28389
739	5.97116	-0.312027
740	3.21038	-3.07281
741	2.80018	2.80018
742	2.35863	2.35863
743	0.409174	0.409174
744	3.68127	-2.60192
745	2.4515	2.4515
746	0.239962	0.239962
747	5.36054	-0.922647
748	4.12427	-2.15891
749	3.60399	-2.67919
750	2.20668	2.20668
751	4.80118	-1.48201
752	2.878	2.878
753	1.30086	1.30086
754	4.67754	-1.60564
755	2.98553	2.98553
756	6.28058	-0.00260146
757	1.2441	1.2441
758	0.68616	0.686161
759	5.45849	-0.824697
760	3.3914	-2.89179
761	2.62105	2.62105
762	1.80954	1.80954
763	0.922333	0.922333
764	0.854434	0.854434
765	4.62524	-1.65794
766	3.86848	-2.41471
767	1.53886	1.53886
768	6.25234	-0.0308407
769	5.64856	-0.634626
770	4.04889	-2.2343
771	1.88662	1.88662
772	6.07932	-0.203862
773	4.0491	-2.23408
774	3.52132	-2.76187
775	2.53269	2.53269
776	1.8797	1.8797
777	4.54567	-1.73752
778	6.24219	-0.0409933
779	3.13586	3.13586
780	3.02912	3.02912
781	5.62362	-0.659568
782	2.34455	2.34455
783	4.58795	-1.69524
784	2.82013	2.82013
785	1.71681	1.71681
786	1.12329	1.12329
787	6.2057	-0.0774876
788	4.52935	-1.75383
789	4.28948	-1.99371
790	3.32436	-2.95882
791	3.12952	3.12952
792	0.75715	0.75715
793	0.0673758	0.0673759
794	4.29273	-1.99046
795	2.05108	2.05108
796	1.48557	1.48557
797	5.2737	-1.00948
798	2.79014	2.79014
799	2.49072	2.49072
800	2.43566	2.43566
801	5.99101	-0.292179
802	3.91458	-2.36861
803	2.13046	2.13046
804	2.07754	2.07754
805	6.17398	-0.109208
806	3.46566	-2.81753
807	1.2591	1.2591
808	0.582499	0.582499
809	4.0915	-2.19168
810	3.42545	-2.85774
811	2.51252	2.51252
812	1.86998	1.86998
813	0.922358	0.922358
814	6.20209	-0.0810915
815	3.71853	-2.56466
816	1.24637	1.24637
817	0.728593	0.728593
818	4.59016	-1.69303
819	3.38938	-2.89381
820	3.35135	-2.93183
821	0.92973	0.92973
822	0.685326	0.685327
823	6.09829	-0.184899
824	4.86202	-1.42116
825	3.09015	3.09016
826	2.21144	2.21144
827	5.98802	-0.295164
828	4.16685	-2.11634
829	2.65599	2.65599
830	1.01444	1.01444
831	4.38384	-1.89934
832	2.39885	2.39886
833	1.02226	1.02226
834	0.858534	0.858535
835	0.259883	0.259883
836	5.8953	-0.387881
837	4.13962	-2.14356
838	1.55617	1.55617
839	5.52031	-0.762878
840	4.14029	-2.1429
841	3.9854	-2.29779
842	2.16423	2.16423
843	1.77795	1.77795
844	0.124869	0.124869
845	3.87813	-2.40505
846	2.07764	2.07764
847	3.14179	-3.14139
848	2.83309	2.83309
849	0.626526	0.626526
850	6.21728	-0.0659056
851	2.9473	2.9473
852	1.29808	1.29808
853	5.00382	-1.27937
854	4.43322	-1.84996
855	1.34313	1.34313
856	0.556402	0.556402
857	0.449656	0.449656
858	6.22747	-0.0557153
859	2.73217	2.73217
860	6.23447	-0.0487123
861	4.38823	-1.89495
862	3.80492	-2.47827
863	1.67645	1.67645
864	0.469273	0.469273
865	6.03876	-0.244427
866	5.75317	-0.530013
867	5.23039	-1.05279
868	4.74234	-1.54084
869	4.33455	-1.94863
870	2.84179	2.84179
871	2.17835	2.17835
872	6.19952	-0.0836689
873	1.49037	1.49037
874	5.10358	-1.17961
875	3.31947	-2.96372
876	2.72082	2.72082
877	0.401769	0.40177
878	2.06929	2.06929
879	6.03869	-0.244498
880	5.82815	-0.455038
881	4.1085	-2.17468
882	3.61553	-2.66765
883	2.60912	2.60912
884	1.78095	1.78095
885	6.00167	-0.281511
886	4.74257	-1.54062
887	3.12394	3.12394
888	6.20817	-0.0750172
889	4.40767	-1.87551
890	2.71566	2.71566
891	0.68086	0.68086
892	0.381437	0.381437
893	5.2534	-1.02978
894	4.54768	-1.73551
895	3.50232	-2.78087
896	2.99943	2.99943
897	1.63996	1.63996
898	3.68694	-2.59625
899	3.6083	-2.67488
900	1.87671	1.87671
901	6.12509	-0.158093
902	5.93025	-0.352933
903	4.72947	-1.55371
904	3.9482	-2.33498
905	2.95661	2.95661
906	0.870808	0.870808
907	5.78768	-0.49551
908	0.751194	0.751194
909	3.87821	-2.40498
910	2.95951	2.95951
911	5.04495	-1.23823
912	3.94778	-2.3354
913	3.735	-2.54819
914	0.933786	0.933786
915	0.707492	0.707492
916	4.63445	-1.64874
917	2.06901	2.06901
918	1.19596	1.19596
919	0.527266	0.527266
920	4.05629	-2.22689
921	3.92776	-2.35543
922	1.43271	1.43271
923	4.73538	-1.54781
924	2.62124	2.62124
925	2.10346	2.10346
926	1.22757	1.22757
927	5.53472	-0.748467
928	5.1816	-1.10158
929	5.07703	-1.20616
930	4.1641	-2.11908
931	3.9083	-2.37488
932	3.37301	-2.91017
933	1.50143	1.50143
934	5.73604	-0.547143
935	3.34195	-2.94124
936	1.77224	1.77224
937	1.64152	1.64152
938	0.494631	0.494631
939	5.33854	-0.944645
940	5.27278	-1.0104
941	4.6224	-1.66078
942	4.3253	-1.95788
943	2.71427	2.71427
944	2.01386	2.01386
945	0.462724	0.462725
946	0.045338	0.0453382
947	3.92345	-2.35973
948	0.616692	0.616692
949	5.46766	-0.815524
950	3.39123	-2.89196
951	1.84009	1.84009
952	1.78718	1.78718
953	0.936655	0.936655
954	2.57416	2.57416
955	1.85242	1.85242
956	0.056038	0.0560381
957	5.94102	-0.342162
958	5.64392	-0.639265
959	4.55598	-1.7272
960	2.78412	2.78412
961	2.31575	2.31575
962	5.73532	-0.547869
963	2.89274	2.89274
964	1.22028	1.22028
965	6.03581	-0.247373
966	1.81902	1.81902
967	5.0442	-1.23898
968	3.20633	-3.07686
969	3.08218	3.08218
970	2.81953	2.81953
971	0.211773	0.211773
972	3.3804	-2.90279
973	3.28017	-3.00301
974	2.47693	2.47693
975	1.43157	1.43157
976	0.903785	0.903785
977	0.479156	0.479156
978	4.54082	-1.74237
979	1.90843	1.90843
980	1.34292	1.34292
981	5.67223	-0.610956
982	2.5659	2.5659
983	1.11603	1.11603
984	3.58194	-2.70125
985	3.27555	-3.00763
986	1.55591	1.55591
987	0.708193	0.708193
988	0.605797	0.605797
989	4.21267	-2.07052
990	1.26213	1.26213
991	0.640319	0.640319
992	3.93537	-2.34781
993	3.06515	3.06515
994	2.38591	2.38591
995	0.501512	0.501512
996	0.499406	0.499406
997	0.351144	0.351144
998	5.80894	-0.474246
999	5.74104	-0.542145
1000	4.19358	-2.0896
1001	4.02101	-2.26217
1002	5.62742	-0.65577
1003	3.02574	3.02574
1004	2.39358	2.39358
1005	4.84582	-1.43736
1006	1.47243	1.47243
1007	5.47819	-0.804997
1008	5.188	-1.09519
1009	3.77678	-2.50641
1010	3.51185	-2.77133
1011	2.6948	2.6948
1012	5.87166	-0.411529
1013	4.98159	-1.30159
1014	4.03979	-2.2434
1015	3.86277	-2.42042
1016	3.42363	-2.85956
1017	5.88953	-0.393654
1018	4.46084	-1.82235
1019	3.28557	-2.99762
1020	3.05248	3.05248
1021	1.68274	1.68274
1022	4.74073	-1.54246
1023	2.67364	2.67364
1024	5.11216	-1.17102
1025	3.91458	-2.3686
1026	3.6405	-2.64269
1027	3.52723	-2.75595
1028	1.30068	1.30068
1029	0.902475	0.902475
1030	0.0770853	0.0770855
1031	5.63853	-0.644653
1032	4.9986	-1.28459
1033	3.18156	-3.10162
1034	2.62867	2.62867
1035	4.38037	-1.90282
1036	3.11468	3.11468
1037	0.704118	0.704118
1038	5.38386	-0.899326
1039	4.45652	-1.82667
1040	4.28173	-2.00146
1041	3.71874	-2.56445
1042	1.56132	1.56132
1043	6.21063	-0.0725577
1044	5.45928	-0.823906
1045	2.51614	2.51614
1046	0.14919	0.149191
1047	6.09102	-0.192164
1048	4.66582	-1.61736
1049	2.09439	2.09439
1050	5.58995	-0.69324
1051	5.49405	-0.789135
1052	5.1315	-1.15169
1053	4.6162	-1.66698
1054	2.90844	2.90844
1055	6.11765	-0.165535
1056	5.11124	-1.17195
1057	4.15489	-2.1283
1058	2.2833	2.2833
1059	5.79901	-0.48418
1060	4.18038	-2.1028
1061	2.82091	2.82091
1062	0.314311	0.314311
1063	5.2652	-1.01799
1064	4.49212	-1.79107
1065	4.17182	-2.11137
1066	2.69346	2.69346
1067	5.04587	-1.23732
1068	2.3504	2.3504
1069	1.81261	1.81261
1070	0.64367	0.643671
1071	2.85385	2.85385
1072	1.54842	1.54842
1073	0.778068	0.778069
1074	4.54303	-1.74015
1075	3.96735	-2.31583
1076	2.17097	2.17097
1077	0.0472929	0.0472929
1078	6.10192	-0.181265
1079	1.62233	1.62233
1080	0.00749667	0.0074968
1081	5.29316	-0.990025
1082	4.04385	-2.23933
1083	3.73283	-2.55035
1084	0.31991	0.31991
1085	5.96575	-0.317434
1086	5.38243	-0.900751
1087	4.3997	-1.88348
1088	3.5576	-2.72559
1089	3.48542	-2.79777
1090	1.6559	1.6559
1091	1.10049	1.10049
1092	4.21901	-2.06418
1093	3.66611	-2.61708
1094	2.93096	2.93096
1095	1.4418	1.4418
1096	0.453168	0.453168
1097	0.326828	0.326828
1098	6.0165	-0.266689
1099	3.87843	-2.40475
1100	2.61274	2.61274
1101	2.37739	2.37739
1102	2.11475	2.11475
1103	1.11722	1.11722
1104	6.20602	-0.0771611
1105	5.92044	-0.362747
1106	5.0587	-1.22449
1107	4.08478	-2.19841
1108	3.78303	-2.50015
1109	2.9241	2.9241
1110	6.21915	-0.0640339
1111	5.47321	-0.80997
1112	5.28283	-1.00036
1113	5.13676	-1.14642
1114	4.0641	-2.21908
1115	1.85754	1.85754
1116	1.38179	1.38179
1117	5.26539	-1.0178
1118	2.24655	2.24655
1119	1.69618	1.69618
1120	1.59161	1.59161
1121	5.9165	-0.366688
1122	5.73057	-0.552619
1123	5.25236	-1.03083
1124	4.91802	-1.36517
1125	2.80862	2.80862
1126	5.77569	-0.507496
1127	5.63181	-0.651371
1128	3.97486	-2.30833
1129	1.68195	1.68195
1130	1.32883	1.32883
1131	0.188216	0.188216
1132	4.93865	-1.34453
1133	3.33141	-2.95177
1134	2.59895	2.59895
1135	0.627379	0.627379
1136	0.267186	0.267186
1137	5.61148	-0.671707
1138	3.87588	-2.40731
1139	2.50271	2.50271
1140	1.52292	1.52292
1141	0.52243	0.52243
1142	6.18122	-0.101966
1143	3.97963	-2.30356
1144	6.2552	-0.0279809
1145	4.29691	-1.98628
1146	3.47708	-2.80611
1147	3.08128	3.08128
1148	0.692648	0.692648
1149	1.5882	1.5882
1150	5.30595	-0.977232
1151	4.46945	-1.81374
1152	1.14397	1.14397
1153	6.20707	-0.0761112
1154	5.33968	-0.943506
1155	4.52817	-1.75501
1156	4.51975	-1.76344
1157	4.48384	-1.79934
1158	3.69984	-2.58334
1159	2.31637	2.31637
1160	1.44614	1.44614
1161	6.02156	-0.261624
1162	4.68248	-1.60071
1163	2.41537	2.41537
1164	1.5508	1.5508
1165	1.38486	1.38486
1166	5.20159	-1.08159
1167	3.87602	-2.40716
1168	6.1516	-0.131585
1169	4.37567	-1.90752
1170	2.39963	2.39963
1171	1.74141	1.74141
1172	0.475721	0.475722
1173	0.155419	0.15542
1174	2.91111	2.91111
1175	2.18133	2.18133
1176	0.196339	0.196339
1177	4.39372	-1.88946
1178	3.72503	-2.55815
1179	3.64855	-2.63463
1180	1.40181	1.40181
1181	1.35317	1.35317
1182	0.774943	0.774943
1183	0.76441	0.76441
1184	6.07661	-0.206577
1185	2.72256	2.72256
1186	6.19774	-0.0854454
1187	5.41101	-0.872174
1188	4.02753	-2.25565
1189	1.85552	1.85552
1190	4.1151	-2.16809
1191	0.854173	0.854174
1192	5.70514	-0.578043
1193	1.11848	1.11848
1194	6.1261	-0.157084
1195	5.93794	-0.345243
1196	2.54491	2.54491
1197	1.24281	1.24281
1198	4.444	-1.83918
1199	3.39864	-2.88454
1200	0.892039	0.892039
1201	0.167619	0.167619
1202	5.48863	-0.794559
1203	4.86164	-1.42154
1204	0.245978	0.245978
1205	4.54418	-1.73901
1206	3.45316	-2.83002
1207	1.26641	1.26641
1208	3.60388	-2.6793
1209	4.99161	-1.29158
1210	3.52039	-2.7628
1211	3.48873	-2.79445
1212	3.42297	-2.86021
1213	1.63477	1.63477
1214	1.16884	1.16884
1215	6.13317	-0.150014
1216	5.59788	-0.685304
1217	4.21786	-2.06532
1218	3.45024	-2.83294
1219	2.58002	2.58002
1220	1.1827	1.1827
1221	4.3839	-1.89928
1222	2.25543	2.25543
1223	4.10813	-2.17506
1224	3.30488	-2.9783
1225	0.985839	0.985839
1226	3.01298	3.01298
1227	2.00361	2.00361
1228	1.37144	1.37144
1229	5.31444	-0.968745
1230	5.29337	-0.989812
1231	4.71515	-1.56804
1232	4.15468	-2.1285
1233	3.24175	-3.04143
1234	2.68129	2.68129
1235	1.4612	1.4612
1236	0.913356	0.913356
1237	0.345309	0.345309
1238	5.19628	-1.08691
1239	4.97451	-1.30867
1240	3.49972	-2.78346
1241	2.17751	2.17751
1242	5.29603	-0.987154
1243	6.28308	-0.000109693
1244	6.00669	-0.276492
1245	4.62667	-1.65651
1246	5.24394	-1.03925
1247	1.53054	1.53054
1248	0.408636	0.408636
1249	0.269145	0.269145
1250	0.17325	0.17325
1251	5.91363	-0.369552
1252	2.85562	2.85562
1253	0.649062	0.649062
1254	4.00387	-2.27932
1255	3.27408	-3.0091
1256	2.38116	2.38116
1257	5.49119	-0.791997
1258	2.95541	2.95541
1259	1.48062	1.48062
1260	0.188492	0.188492
1261	6.09729	-0.185892
1262	2.3839	2.3839
1263	5.64825	-0.634939
1264	4.81452	-1.46867
1265	5.87867	-0.404513
1266	5.8555	-0.427687
1267	5.16572	-1.11746
1268	4.29267	-1.99052
1269	3.98861	-2.29458
1270	3.96543	-2.31775
1271	2.01598	2.01598
1272	1.05087	1.05087
1273	0.40049	0.40049
1274	2.94509	2.94509
1275	2.89003	2.89003
1276	1.75255	1.75255
1277	1.28172	1.28172
1278	0.633959	0.633959
1279	3.43238	-2.8508
1280	1.30871	1.30871
1281	1.18674	1.18674
1282	5.22828	-1.05491
1283	4.67538	-1.6078
1284	2.85005	2.85005
1285	2.69737	2.69737
1286	0.685358	0.685358
1287	0.587306	0.587306
1288	0.304021	0.304021
1289	1.49591	1.49591
1290	3.58135	-2.70184
1291	4.713	-1.57018
1292	0.73674	0.73674
1293	5.37454	-0.908648
1294	4.29578	-1.9874
1295	1.07935	1.07935
1296	6.24995	-0.0332331
1297	5.31685	-0.966338
1298	3.85989	-2.4233
1299	3.20168	-3.08151
1300	1.09702	1.09702
1301	4.44447	-1.83871
1302	2.3208	2.3208
1303	1.85487	1.85487
1304	1.80409	1.80409
1305	1.29624	1.29624
1306	1.15017	1.15017
1307	4.90928	-1.3739
1308	3.7149	-2.56829
1309	1.91851	1.91851
1310	5.79114	-0.492045
1311	4.00703	-2.27616
1312	3.90246	-2.38073
1313	2.13059	2.13059
1314	4.07442	-2.20876
1315	3.59375	-2.68943
1316	3.04591	3.04591
1317	2.20099	2.20099
1318	2.02843	2.02843
1319	1.92168	1.92168
1320	2.81723	2.81723
1321	1.37796	1.37796
1322	3.55393	-2.72925
1323	2.60922	2.60922
1324	2.18943	2.18943
1325	1.98563	1.98563
1326	1.05252	1.05252
1327	5.98984	-0.293342
1328	4.59253	-1.69066
1329	3.02282	3.02282
1330	0.573284	0.573284
1331	3.06597	3.06597
1332	2.78268	2.78268
1333	1.33281	1.33281
1334	6.11242	-0.170763
1335	1.89563	1.89563
1336	0.0535779	0.0535781
1337	4.86554	-1.41764
1338	3.10581	3.10581
1339	1.21714	1.21714
1340	0.318504	0.318504
1341	6.15283	-0.130354
1342	4.9133	-1.36988
1343	3.53329	-2.7499
1344	2.42381	2.42381
1345	2.34517	2.34517
1346	0.536402	0.536402
1347	4.40903	-1.87416
1348	2.02582	2.02582
1349	0.642341	0.642341
1350	0.574442	0.574442
1351	6.22805	-0.0551337
1352	5.06228	-1.22091
1353	3.54414	-2.73905
1354	1.49094	1.49094
1355	4.84574	-1.43744
1356	2.2257	2.2257
1357	1.05992	1.05992
1358	6.06095	-0.222235
1359	3.83439	-2.44879
1360	1.65747	1.65747
1361	5.62686	-0.656325
1362	3.60579	-2.67739
1363	3.2621	-3.02109
1364	1.89578	1.89578
1365	1.42003	1.42003
1366	5.12577	-1.15742
1367	5.00815	-1.27503
1368	4.1994	-2.08378
1369	0.854917	0.854917
1370	4.01531	-2.26788
1371	2.12663	2.12663
1372	1.19353	1.19353
1373	0.379255	0.379255
1374	5.27896	-1.00422
1375	2.1143	2.1143
1376	1.6508	1.6508
1377	0.780579	0.780579
1378	1.39784	1.39784
1379	4.75995	-1.52324
1380	3.94844	-2.33474
1381	1.55981	1.55981
1382	0.832711	0.832711
1383	5.13538	-1.1478
1384	3.27225	-3.01093
1385	2.10647	2.10648
1386	2.08751	2.08751
1387	1.96555	1.96555
1388	5.0584	-1.22478
1389	2.9726	2.9726
1390	2.39437	2.39437
1391	1.71778	1.71778
1392	0.982627	0.982627
1393	0.557998	0.557998
1394	5.23015	-1.05304
1395	5.23015	-1.05304
1396	3.94799	-2.33519
1397	2.64256	2.64256
1398	1.39326	1.39326
1399	4.79864	-1.48454
1400	4.11414	-2.16905
1401	6.19958	-0.083609
1402	5.6942	-0.58898
1403	4.37199	-1.91119
1404	1.99962	1.99962
1405	1.62286	1.62286
1406	5.08427	-1.19891
1407	1.49006	1.49006
1408	5.31807	-0.965112
1409	2.66698	2.66698
1410	0.211812	0.211812
1411	6.27548	-0.00770932
1412	4.57954	-1.70364
1413	0.195724	0.195724
1414	4.15458	-2.12861
1415	1.59511	1.59511
1416	0.733374	0.733374
1417	2.1624	2.1624
1418	6.18866	-0.0945278
1419	4.98148	-1.3017
1420	4.24365	-2.03953
1421	1.61127	1.61127
1422	0.973923	0.973923
1423	0.341758	0.341758
1424	2.75225	2.75225
1425	2.70573	2.70573
1426	1.76102	1.76102
1427	4.26686	-2.01632
1428	2.18575	2.18575
1429	1.51706	1.51706
1430	1.4981	1.4981
1431	0.319654	0.319654
1432	5.02194	-1.26124
1433	4.95191	-1.33128
1434	3.21631	-3.06688
1435	3.17191	-3.11128
1436	5.4942	-0.788982
1437	4.04787	-2.23532
1438	3.03551	3.03551
1439	1.69304	1.69304
1440	2.82469	2.82469
1441	2.43128	2.43128
1442	1.53265	1.53265
1443	0.69614	0.69614
1444	5.78494	-0.498245
1445	3.08305	3.08305
1446	3.01087	3.01087
1447	5.77736	-0.505826
1448	4.56696	-1.71623
1449	3.26153	-3.02165
1450	0.250437	0.250437
1451	0.0150878	0.0150879
1452	2.38232	2.38232
1453	1.10346	1.10346
1454	3.33034	-2.95284
1455	3.31349	-2.9697
1456	3.0187	3.0187
1457	5.19467	-1.08851
1458	0.416476	0.416477
1459	5.06194	-1.22124
1460	4.40634	-1.87684
1461	3.20237	-3.08082
1462	1.61396	1.61396
1463	0.663432	0.663432
1464	4.90724	-1.37594
1465	3.52376	-2.75942
1466	1.76808	1.76808
1467	1.71517	1.71517
1468	3.70149	-2.58169
1469	2.31802	2.31802
1470	5.98733	-0.295858
1471	4.60039	-1.6828
1472	3.72167	-2.56151
1473	0.687292	0.687292
1474	5.92511	-0.35807
1475	3.30507	-2.97812
1476	2.58601	2.58601
1477	5.95542	-0.327768
1478	5.02808	-1.25511
1479	4.73098	-1.55221
1480	2.25882	2.25882
1481	0.111111	0.111112
1482	4.79463	-1.48856
1483	6.18235	-0.100831
1484	4.27648	-2.00671
1485	3.05317	3.05317
1486	1.66277	1.66277
1487	0.749844	0.749844
1488	0.0811519	0.081152
1489	5.6533	-0.629889
1490	1.06664	1.06664
1491	5.89643	-0.386759
1492	4.8721	-1.41108
1493	1.72432	1.72432
1494	5.81089	-0.472296
1495	5.60484	-0.678345
1496	5.09699	1.70566
1497	3.96887	1.88237
1498	3.19306	2.70821
1499	1.25239	1.22419
1500	6.02835	-0.32718
1501	4.86258	-1.55741
1502	4.50946	-1.51823
1503	1.58838	-1.67909
1504	3.86396	-1.23046
1505	2.15619	-0.808387
1506	0.939337	-1.68832
1507	4.30144	-2.61088
1508	2.84448	2.53067
1509	0.872916	3.05125
1510	6.23164	1.05383
1511	5.45584	0.645735
1512	4.29954	-1.3452
1513	0.635111	-2.29741
1514	6.28095	0.300201
1515	5.74316	-1.36923
1516	5.60367	-2.11625
1517	3.68049	1.31937
1518	2.29355	0.0933839
1519	5.92564	0.186311
1520	5.44005	-2.92063
1521	5.39566	2.16594
1522	3.54521	0.142945
1523	1.19433	1.99599
1524	0.664043	0.654318
1525	4.16635	-0.551011
1526	4.11129	0.425345
1527	2.39164	0.162972
1528	0.498692	0.26301
1529	5.80208	2.37724
1530	3.90485	1.66532
1531	1.22854	0.289512
1532	5.26499	-0.38771
1533	4.3891	-1.29395
1534	0.55816	2.7602
1535	3.32465	1.18303
1536	2.75151	0.747352
1537	1.29812	-0.878539
1538	6.12791	2.75802
1539	6.05787	2.03022
1540	5.82025	0.665582
1541	5.55761	-0.177963
1542	5.20449	2.40747
1543	1.71973	2.49715
1544	1.0589	1.72631
1545	0.97811	-3.10238
1546	0.875714	1.69325
1547	3.76587	0.44592
1548	2.2368	2.3965
1549	0.0939352	0.181022
1550	5.59585	-1.4939
1551	3.27152	2.17056
1552	0.343142	1.93473
1553	0.0344398	1.13437
1554	2.2277	-1.68127
1555	0.609079	2.4836
1556	4.92955	2.09526
1557	3.9615	-1.30412
1558	0.36728	-1.27129
1559	4.22884	2.80646
1560	3.95935	1.30362
1561	3.72853	-0.499832
1562	3.53814	-0.383236
1563	2.98525	-1.63749
1564	1.59139	-2.50971
1565	2.78328	2.14725
1566	5.65355	-2.12749
1567	3.46679	-2.72854
1568	2.51045	2.27261
1569	0.880398	-2.09971
1570	0.11005	2.3906
1571	6.21399	1.1717
1572	4.38029	0.0856573
1573	0.0189892	-0.120226
1574	5.36619	-0.0291616
1575	2.29221	1.51366
1576	4.07023	-1.02223
1577	3.91976	-2.59772
1578	2.9074	1.40115
1579	2.42181	0.858187
1580	1.71609	-0.160312
1581	0.466783	-0.877145
1582	5.04616	2.57585
1583	4.58511	1.10957
1584	5.88224	-1.03157
1585	4.56338	-2.19204
1586	4.34611	-3.10966
1587	2.73507	2.34612
1588	1.74052	1.04505
1589	0.240547	-1.18453
1590	5.60792	-2.64004
1591	5.28294	-2.37646
1592	5.0881	3.04029
1593	4.22917	0.78527
1594	3.70889	0.870499
1595	0.773158	-2.19187
1596	0.379747	-0.974316
1597	3.65954	-1.9389
1598	2.62022	3.03996
1599	1.97246	2.04956
1600	0.220821	0.96933
1601	3.76306	0.144284
1602	3.31908	-1.78083
1603	2.48257	2.53884
1604	1.59536	-0.0826947
1605	1.07258	2.58435
1606	5.58795	1.764
1607	5.18015	1.49307
1608	2.35838	0.73766
1609	0.545477	-2.43388
1610	0.359546	-2.08007
1611	5.12823	2.17515
1612	4.03414	-0.237347
1613	2.41552	-0.816932
1614	2.12763	-1.55326
1615	6.21915	-1.18609
1616	5.41591	-2.4511
1617	2.3579	-3.03009
1618	1.30952	1.91312
1619	2.65345	1.78789
1620	5.71144	-0.22902
1621	2.55527	-2.50573
1622	2.10153	1.66451
1623	1.78819	0.238326
1624	3.36223	-2.28418
1625	0.574605	-2.98286
1626	3.2749	1.35522
1627	0.891688	0.360353
1628	0.3287	-0.574092
1629	3.2674	0.631793
1630	2.92371	-0.232254
1631	2.61037	-1.3537
1632	2.44443	-1.28344
1633	0.585525	-2.43897
1634	5.43649	-3.02776
1635	2.2113	-2.8717
1636	0.208338	2.73335
1637	3.39332	-2.08825
1638	5.93792	-3.03028
1639	4.93744	2.11496
1640	2.366	1.23053
1641	4.6094	-0.89535
1642	4.00048	-1.62881
1643	2.67491	-2.79405
1644	5.868	2.88961
1645	2.9687	1.81573
1646	1.74861	1.27256
1647	6.20647	1.02157
1648	5.07524	-2.45725
1649	4.32389	2.76366
1650	3.73549	0.973027
1651	3.4476	0.800022
1652	2.01185	-1.20306
1653	1.36931	-1.93482
1654	1.28205	3.10598
1655	5.54416	0.374551
1656	5.46984	-0.282439
1657	2.90441	-1.43156
1658	2.56072	1.20647
1659	2.10698	0.288004
1660	0.821497	-0.707949
1661	5.56458	-3.02904
1662	4.79696	2.30647
1663	3.73344	1.46615
1664	2.34305	-0.0011561
1665	0.821271	-1.50876
1666	6.28185	-2.56767
1667	5.95687	2.87792
1668	4.40573	1.74725
1669	4.08075	2.3147
1670	3.49998	2.97344
1671	2.72417	2.00314
1672	1.57728	-0.531179
1673	5.15215	-1.79104
1674	5.06057	-2.54931
1675	5.0395	0.83783
1676	2.66713	2.75749
1677	1.11229	-1.31741
1678	5.94561	-2.44679
1679	5.20509	1.18987
1680	4.46456	1.52812
1681	4.4095	2.69524
1682	4.21244	-0.552438
1683	2.60899	-0.897581
1684	6.10455	-1.26808
1685	4.79912	-2.3707
1686	4.05318	-2.58149
1687	3.42879	-0.811479
1688	1.52291	-0.97333
1689	0.691965	1.33377
1690	3.41468	0.608458
1691	1.61829	-1.00029
1692	1.02988	-2.1672
1693	5.88438	-1.84258
1694	4.56552	-2.89734
1695	3.96944	-0.922079
1696	2.19757	2.42559
1697	4.69026	0.145893
1698	4.40697	-2.48446
1699	5.59886	2.06102
1700	3.34703	0.63486
1701	2.8367	-2.95351
1702	2.123	2.77837
1703	1.25277	0.95769
1704	0.591945	-2.24253
1705	3.33672	-2.12636
1706	0.980485	-2.68466
1707	6.18796	0.577832
1708	6.04628	0.336591
1709	4.58575	-0.69824
1710	3.87206	-2.79486
1711	2.05502	2.27968
1712	1.45637	-0.0509824
1713	1.36047	-1.57866
1714	5.82248	-2.53819
1715	5.76101	2.22934
1716	3.69391	2.66419
1717	5.61579	2.95703
1718	2.92033	1.41932
1719	1.1606	-0.178
1720	0.207165	0.818198
1721	5.25408	1.03724
1722	5.00741	-0.153561
1723	2.0269	-0.619037
1724	0.446004	-1.68122
1725	4.75762	3.08721
1726	1.99684	2.7373
1727	0.529182	0.587106
1728	5.87347	-2.36265
1729	3.60636	1.0701
1730	0.986314	1.65392
1731	0.500726	-0.829853
1732	5.87385	2.14724
1733	3.42994	1.54428
1734	3.19007	-0.639967
1735	0.0918672	-2.18483
1736	3.29307	2.47292
1737	3.26778	-3.07977
1738	0.0860772	1.33124
1739	6.23635	-0.298723
1740	4.10788	-0.679498
1741	2.77558	0.888187
1742	2.72266	0.349217
1743	2.55451	0.822738
1744	1.28224	-0.288121
1745	0.688718	-1.84827
1746	0.533828	-2.70715
1747	0.392144	1.08624
1748	0.0973545	0.693453
1749	6.21902	-1.31776
1750	6.01073	-2.05661
1751	4.42983	2.29697
1752	2.66606	1.70023
1753	2.10055	-0.626977
1754	1.30832	-2.7789
1755	4.31244	1.86105
1756	3.72658	-1.76209
1757	0.343387	3.13679
1758	6.08878	2.57979
1759	5.3804	2.12895
1760	4.0481	-0.452473
1761	1.67573	-2.51958
1762	5.79179	-2.65683
1763	3.3535	2.71739
1764	1.17657	0.986291
1765	0.713078	-1.37503
1766	4.09696	2.62931
1767	3.95308	2.76008
1768	2.85592	0.917403
1769	4.55244	-0.269773
1770	1.30947	-0.771699
1771	1.00077	3.08799
1772	0.767685	1.57121
1773	5.80157	0.48831
1774	4.18674	-0.0724761
1775	3.96722	-2.18331
1776	2.96377	-1.94838
1777	2.67358	-2.33979
1778	0.568918	2.88216
1779	0.547851	2.20437
1780	5.09944	2.79313
1781	2.93717	-0.239919
1782	2.7199	-0.6648
1783	2.25641	-1.93783
1784	1.1746	2.68045
1785	5.85812	2.60786
1786	4.90177	1.9435
1787	3.08887	1.30293
1788	1.317	-0.320444
1789	0.684837	-1.12617
1790	0.139512	-2.507
1791	5.90988	-2.04492
1792	5.90778	-0.671115
1793	4.76089	-2.06476
1794	4.2281	-2.92775
1795	3.64479	2.45745
1796	2.34268	1.54243
1797	2.01302	1.25498
1798	0.0767208	1.02846
1799	5.94011	0.668302
1800	2.8007	-2.44854
1801	1.4103	-2.78002
1802	1.03354	-2.70978
1803	4.94435	1.62353
1804	4.92329	0.635406
1805	3.13508	-0.474393
1806	2.73209	-1.0366
1807	1.43663	1.83143
1808	3.44356	1.95977
1809	3.36277	1.5152
1810	3.18129	-1.52868
1811	2.5569	-2.28845
1812	1.69233	2.88898
1813	1.67337	-1.41532
1814	0.975622	2.40855
1815	0.70613	-0.538499
1816	2.64996	-2.52666
1817	0.428438	-2.42853
1818	4.14619	1.09365
1819	0.420272	-0.583084
1820	6.13032	-1.74065
1821	5.86311	-0.507259
1822	3.76793	-0.770135
1823	1.88353	-1.25418
1824	1.08029	-1.46536
1825	1.01239	2.51454
1826	0.837594	-0.899325
1827	0.408128	-0.583062
1828	2.84666	1.08373
1829	1.75257	1.64744
1830	0.87668	2.95446
1831	0.847147	-0.398428
1832	6.14466	0.723437
1833	5.56898	-1.62979
1834	2.90535	2.80863
1835	5.22764	2.37947
1836	2.44676	0.977517
1837	0.384299	0.787362
1838	5.30802	1.28488
1839	5.13099	0.970412
1840	3.62014	-0.521652
1841	2.63447	-1.59767
1842	1.52807	2.68099
1843	5.61464	1.8454
1844	4.74158	0.794519
1845	4.65647	-0.613981
1846	4.13119	1.34142
1847	3.48081	-1.04132
1848	0.693186	2.8582
1849	6.15654	1.63022
1850	5.72224	0.725717
1851	5.71592	-0.2316
1852	0.496888	0.0672121
1853	4.36401	-2.71558
1854	3.05523	-3.0122
1855	1.22153	2.82736
1856	4.87233	2.26728
1857	2.92288	0.0997503
1858	4.22001	-0.826915
1859	3.56963	-2.72088
1860	3.43014	2.02885
1861	1.60897	1.78999
1862	1.06868	0.0828158
1863	5.77844	-2.38399
1864	4.71797	2.28946
1865	4.63502	2.31561
1866	1.48724	1.23155
1867	0.352902	1.28631
1868	5.93302	-1.12783
1869	3.38542	-2.14885
1870	2.19743	-2.4487
1871	1.09103	1.09099
1872	5.37125	0.668415
1873	2.93851	-0.52651
1874	1.76324	-0.428125
1875	6.17484	2.42357
1876	5.88695	2.46368
1877	2.7559	0.532213
1878	1.40664	0.0775498
1879	1.1961	-0.561793
1880	3.77832	-1.62576
1881	3.45802	-2.99628
1882	3.43484	0.170109
1883	0.899068	-0.0793456
1884	3.39175	-2.21466
1885	1.20991	2.2901
1886	4.25012	1.09166
1887	4.05306	0.190199
1888	3.82223	-0.289495
1889	3.12449	-2.69315
1890	0.225182	2.45576
1891	4.79268	-2.42808
1892	4.6023	2.13042
1893	4.42082	1.40335
1894	3.94261	0.0335346
1895	3.94261	-0.857113
1896	0.216689	-2.6954
1897	6.01429	-0.880883
1898	3.2401	-1.74313
1899	2.47522	-1.87978
1900	5.37521	-2.66052
1901	5.22474	0.774412
1902	4.95981	-0.383216
1903	3.70398	1.68629
1904	2.47744	-0.330277
1905	1.80085	2.27861
1906	1.11107	1.74419
1907	0.657336	0.428651
1908	5.84335	-0.501548
1909	3.34253	-1.10145
1910	0.450418	-2.18096
1911	5.97143	1.99693
1912	2.9833	0.32352
1913	1.84896	-0.452887
1914	1.75522	1.97595
1915	1.57597	1.20136
1916	1.17058	-0.897998
1917	6.20446	-1.90305
1918	5.82294	2.79178
1919	4.88983	1.56153
1920	4.75911	0.911223
1921	3.45368	-0.4505
1922	2.12475	-2.8378
1923	1.59947	0.978078
1924	0.0886145	-2.27879
1925	4.98486	-2.57425
1926	3.64917	-3.11482
1927	2.61587	2.25863
1928	1.8537	-0.858968
1929	0.141975	-2.07114
1930	5.61641	-2.28057
1931	2.49361	1.25735
1932	1.60069	2.53905
1933	5.91674	0.313363
1934	3.72507	-0.206985
1935	2.79485	-3.12787
1936	4.78118	1.20197
1937	3.59639	0.990998
1938	2.41478	-0.0196106
1939	1.04846	-0.681218
1940	1.03793	-1.16135
1941	0.29199	-2.53536
1942	4.31316	1.33645
1943	4.27938	0.117326
1944	1.4985	-2.46259
1945	4.12922	0.833599
1946	1.16374	0.256366
1947	4.41254	-0.519494
1948	3.63673	-0.659266
1949	2.93632	-1.09038
1950	1.8082	-2.50607
1951	1.30283	-3.133
1952	5.64534	2.36547
1953	3.55016	1.64043
1954	3.52488	0.679193
1955	3.48473	2.3152
1956	2.95945	1.23135
1957	2.41412	-1.40804
1958	1.33536	-2.3471
1959	5.30998	2.66656
1960	2.17893	1.91389
1961	6.1692	0.395737
1962	3.65098	-2.88456
1963	3.57666	0.0786887
1964	3.20939	1.18889
1965	2.80399	-0.256581
1966	2.15362	-0.750819
1967	5.59423	3.05722
1968	5.46789	-2.98728
1969	3.71221	3.06306
1970	3.65501	-0.413453
1971	2.89012	0.177265
1972	2.59763	1.91404
1973	5.1549	-1.27456
1974	3.86609	-1.28355
1975	1.66947	-2.01484
1976	1.26647	1.72651
1977	0.344899	0.158531
1978	0.0152404	3.07033
1979	3.73896	-0.241523
1980	1.28942	-2.22438
1981	5.88843	2.61386
1982	5.49023	-1.0966
1983	2.42424	2.99007
1984	0.162219	1.33527
1985	5.32971	0.251051
1986	3.66888	-1.92747
1987	3.40851	-2.17458
1988	0.293952	1.34102
1989	2.83855	1.1816
1990	1.28371	2.78803
1991	0.758428	-1.31718
1992	5.69575	-2.77337
1993	1.99478	-2.77624
1994	5.93244	2.95702
1995	2.40494	2.7443
1996	1.63733	-0.297771
1997	1.33094	-1.93176
1998	0.942289	2.97576
1999	4.01781	1.82388
2000	2.6031	1.26337
2001	3.8498	-1.5943
2002	2.79236	-2.30833
2003	2.01383	3.10749
2004	5.39051	1.33285
2005	5.09341	0.309367
2006	3.58255	-0.782213
2007	3.41662	2.77924
2008	0.0432217	2.02877
2009	5.88969	1.81134
2010	5.09471	1.56032
2011	4.69411	0.849674
2012	4.44971	-0.326935
2013	2.77725	-1.10595
2014	2.48936	1.4335
2015	6.05774	0.531649
2016	6.00482	-0.935213
2017	4.51926	0.882007
2018	4.03859	-0.665761
2019	2.63436	-2.05019
2020	1.26119	-2.43711
2021	5.87967	-2.5351
2022	5.56633	1.15593
2023	4.70739	-0.514393
2024	3.34792	-1.6159
2025	3.14412	-1.85979
2026	4.48805	-3.12365
2027	3.0097	2.79105
2028	2.86801	3.0339
2029	1.93779	1.38174
2030	5.65554	2.49764
2031	4.11912	2.54415
2032	1.34494	-1.06395
2033	4.70704	-2.82237
2034	3.95299	0.908934
2035	2.36083	1.97398
2036	1.29731	1.01214
2037	1.08004	0.125231
2038	0.178546	-0.762594
2039	2.37181	-0.507425
2040	5.71186	2.14152
2041	2.94438	2.69502
2042	0.354882	2.02164
2043	5.35591	0.404764
2044	4.04377	-0.312488
2045	2.88116	-2.66542
2046	1.17735	-2.87557
