0	0	0.000981673
0.02442	0	0.00049263
0.04884	0	0.000678794
0.0732601	0	0.00356158
0.0976801	0	0.00673097
0.1221	0.00178051	0.00614412
0.14652	0.00217192	0.00350878
0.17094	0.00291131	0.00563417
0.19536	0.00289564	0.0119603
0.21978	0.00324777	0.0187479
0.2442	0.00330045	0.0193233
0.26862	0.00327724	0.0200123
0.29304	0.00311166	0.0212704
0.31746	0.00294566	0.0241925
0.34188	0.00547732	0.0280101
0.3663	0.00791062	0.0297729
0.39072	0.00962555	0.0369296
0.41514	0.00929438	0.0392547
0.43956	0.00922243	0.0363738
0.46398	0.00915648	0.0312305
0.4884	0.00909579	0.0296683
0.512821	0.00903973	0.0278272
0.537241	0.00883129	0.0267811
0.561661	0.00835073	0.0256986
0.586081	0.00791574	0.0233613
0.610501	0.00752034	0.0219393
0.634921	0.00715954	0.0226463
0.659341	0.00682911	0.023981
0.683761	0.0065255	0.0244664
0.708181	0.00624568	0.0230612
0.732601	0.00598703	0.0214333
0.757021	0.00701496	0.017879
0.781441	0.00746399	0.016827
0.805861	0.00759156	0.0158261
0.830281	0.00770546	0.0140849
0.854701	0.00777616	0.0154621
0.879121	0.00784579	0.0163623
0.903541	0.00786624	0.0179044
0.927961	0.0079025	0.018567
0.952381	0.0088144	0.0180495
0.976801	0.00953856	0.0178987
1.00122	0.0102469	0.017633
1.02564	0.0109803	0.0184068
1.05006	0.0124454	0.019484
1.07448	0.0121296	0.0205809
1.0989	0.0118513	0.0214347
1.12332	0.0115813	0.0212309
1.14774	0.0113253	0.0225515
1.17216	0.0110804	0.0245739
1.19658	0.0108517	0.0281431
1.221	0.0106211	0.0366387
1.24542	0.0104054	0.0378559
1.26984	0.0101836	0.038319
1.29426	0.012635	0.0375084
1.31868	0.0140044	0.0358668
1.3431	0.0150127	0.0342824
1.36752	0.0160727	0.0328087
1.39194	0.0176892	0.0338877
1.41636	0.0183545	0.0353094
1.44078	0.0200748	0.0363189
1.4652	0.0196689	0.0361322
1.48962	0.019278	0.0369059
1.51404	0.0189012	0.0374194
1.53846	0.0185377	0.0374353
1.56288	0.018187	0.0369595
1.5873	0.0178482	0.034846
1.61172	0.017521	0.0348578
1.63614	0.0172047	0.0351715
1.66056	0.0168987	0.0353963
1.68498	0.0166026	0.0351022
1.7094	0.016316	0.0341454
1.73382	0.0160384	0.0357007
1.75824	0.0157694	0.0371411
1.78266	0.0155086	0.0369314
1.80708	0.0152557	0.0347972
1.8315	0.0150102	0.0320959
1.85592	0.014772	0.0302829
1.88034	0.0145407	0.0284342
1.90476	0.0143159	0.0283132
1.92918	0.0153964	0.0293206
1.9536	0.017162	0.0301782
1.97802	0.0191937	0.0310292
2.00244	0.0190522	0.0310962
2.02686	0.0189523	0.0309905
2.05128	0.0188382	0.0303425
2.0757	0.0187263	0.028636
2.10012	0.0186165	0.0280935
2.12454	0.018487	0.0267222
2.14896	0.0182347	0.0257931
2.17338	0.0179886	0.0253799
2.1978	0.0177487	0.0259882
2.22222	0.0175145	0.0264466
2.24664	0.0172861	0.0267492
2.27106	0.0170631	0.0276135
2.29548	0.0168453	0.0287895
2.3199	0.0166327	0.0290051
2.34432	0.0164249	0.0282892
2.36874	0.0162219	0.0282377
2.39316	0.0160236	0.028044
2.41758	0.0158296	0.027982
2.442	0.01564	0.0306481
2.46642	0.0154545	0.0322276
2.49084	0.0152731	0.0331576
2.51526	0.0150955	0.0338014
2.53968	0.0155602	0.0342854
2.5641	0.0164106	0.0332009
2.58852	0.0172978	0.0330868
2.61294	0.0182257	0.0333157
2.63736	0.0188591	0.0339751
2.66178	0.01951	0.0346267
2.6862	0.0201768	0.0351949
2.71062	0.0208597	0.0338954
2.73504	0.0215589	0.0334563
2.75946	0.0222747	0.0338789
2.78388	0.0230074	0.0353947
2.8083	0.0234581	0.0366095
2.83272	0.0232169	0.0375362
2.85714	0.0229802	0.037306
2.88156	0.022748	0.0373665
2.90598	0.0225201	0.0377405
2.9304	0.0222964	0.0381045
2.95482	0.0220768	0.0370397
2.97924	0.0218611	0.0370333
3.00366	0.0216494	0.0374009
3.02808	0.0214414	0.0375359
3.0525	0.021237	0.0369594
3.07692	0.0210363	0.0365723
3.10134	0.0208391	0.0364272
3.12576	0.0206452	0.0363574
3.15018	0.0204547	0.036532
3.1746	0.0202674	0.0359832
3.19902	0.0200833	0.0361444
3.22344	0.0199023	0.0364015
3.24786	0.0197243	0.0366309
3.27228	0.0195492	0.0365142
3.2967	0.0193769	0.036176
3.32112	0.0192075	0.0349795
3.34554	0.0190408	0.0345187
3.36996	0.0188767	0.0339858
3.39438	0.0187153	0.0331123
3.4188	0.0185564	0.0333278
3.44322	0.0184	0.0333947
3.46764	0.018246	0.0338185
3.49206	0.0180944	0.0344511
3.51648	0.0179451	0.0350738
3.5409	0.0177981	0.0351982
3.56532	0.0176533	0.0356983
3.58974	0.0175107	0.03603
3.61416	0.0173702	0.0359926
3.63858	0.0172318	0.0352325
3.663	0.0170955	0.0338365
3.68742	0.0169611	0.0329492
3.71184	0.0168286	0.0314542
3.73626	0.0166981	0.0307724
3.76068	0.0165694	0.0307456
3.7851	0.0164426	0.0308549
3.80952	0.0163176	0.0307611
3.83394	0.0161943	0.0307898
3.85836	0.0160727	0.0310094
3.88278	0.0159529	0.0309689
3.9072	0.0158346	0.0309948
3.93162	0.015718	0.0303075
3.95604	0.015603	0.0288039
3.98046	0.015481	0.0273191
4.00488	0.0153572	0.0264213
4.0293	0.0152352	0.0257501
4.05372	0.015115	0.0255499
4.07814	0.0149963	0.0256416
4.10256	0.0148794	0.0258405
4.12698	0.014764	0.0258298
4.1514	0.0146502	0.0252744
4.17582	0.014538	0.0252055
4.20024	0.0144274	0.024093
4.22466	0.014318	0.0232821
4.24908	0.0142102	0.0230654
4.2735	0.0141039	0.0229005
4.29792	0.0139989	0.0223814
4.32234	0.0138954	0.0220035
4.34676	0.0137931	0.0214026
4.37118	0.0136922	0.0210832
4.3956	0.0135909	0.0212257
4.42002	0.0134943	0.0211386
4.44444	0.0133972	0.0210534
4.46886	0.0133014	0.0207792
4.49328	0.0132067	0.0205125
4.5177	0.0131133	0.0202724
4.54212	0.013021	0.0203027
4.56654	0.0129299	0.0207009
4.59096	0.0128367	0.0209213
4.61538	0.012751	0.0208968
4.6398	0.0126632	0.0209821
4.66422	0.0125764	0.0211587
4.68864	0.0124907	0.021402
4.71306	0.012406	0.0214224
4.73748	0.0123223	0.0213324
4.7619	0.0122396	0.0209999
4.78632	0.0121579	0.0207853
4.81074	0.0120772	0.0207965
4.83516	0.0119974	0.0208817
4.85958	0.0119185	0.0208527
4.884	0.0118406	0.0207684
4.90842	0.0117635	0.0207577
4.93284	0.0116874	0.0207429
4.95726	0.0116121	0.0208239
4.98168	0.0115376	0.020844
5.00611	0.0114658	0.0205704
5.03053	0.0113913	0.020552
5.05495	0.0113193	0.0205968
5.07937	0.0112482	0.0207
5.10379	0.0111778	0.0206651
5.12821	0.0111083	0.0204472
5.15263	0.0110394	0.0205337
5.17705	0.0109714	0.0199694
5.20147	0.0109041	0.019369
5.22589	0.0108361	0.0188915
5.25031	0.0107716	0.0184879
5.27473	0.0107064	0.0180825
5.29915	0.010642	0.0176767
5.32357	0.0105782	0.0173102
5.34799	0.0105151	0.0171002
5.37241	0.0104526	0.017162
5.39683	0.0103908	0.017186
5.42125	0.010331	0.0170921
5.44567	0.0102692	0.0169962
5.47009	0.0102093	0.0169856
5.49451	0.0101487	0.0169635
5.51893	0.0100913	0.0168791
5.54335	0.0100332	0.0168892
5.56777	0.00997577	0.0169284
5.59219	0.00991887	0.0168004
5.61661	0.00986255	0.0166493
5.64103	0.00980679	0.0161504
5.66545	0.00975159	0.0158011
5.68987	0.00969694	0.0155112
5.71429	0.00964283	0.0152847
5.73871	0.00958925	0.0150877
5.76313	0.00953619	0.014777
5.78755	0.00948366	0.0145727
5.81197	0.00943287	0.0143025
5.83639	0.00938012	0.0139619
5.86081	0.00932909	0.013828
5.88523	0.00927856	0.0133236
5.90965	0.00922852	0.0129963
5.93407	0.00917894	0.0127975
5.95849	0.00912984	0.0127275
5.98291	0.00908121	0.0124946
6.00733	0.00903444	0.0125676
6.03175	0.00898529	0.0126673
6.05617	0.008938	0.0126999
6.08059	0.00889115	0.0127015
6.10501	0.00884473	0.0126919
6.12943	0.00879874	0.0127446
6.15385	0.00875318	0.012672
6.17827	0.00870803	0.0125166
6.20269	0.00866329	0.0123578
6.22711	0.00861896	0.0123806
6.25153	0.0085753	0.0121896
6.27595	0.0085315	0.0120142
6.30037	0.00848836	0.0118809
6.32479	0.0084456	0.0118087
6.34921	0.00840323	0.0116247
6.37363	0.00836123	0.0115974
6.39805	0.0083196	0.011664
6.42247	0.00827834	0.0118159
6.44689	0.00823744	0.0119228
6.47131	0.0081969	0.0118665
6.49573	0.00815602	0.0116654
6.52015	0.00811687	0.0113743
6.54457	0.00807737	0.011079
6.56899	0.00803821	0.0108278
6.59341	0.00799939	0.0107914
6.61783	0.0079609	0.01079
6.64225	0.00792274	0.0107761
6.66667	0.00788439	0.0107629
6.69109	0.00783579	0.0107569
6.71551	0.00778535	0.0108937
6.73993	0.00773541	0.011022
6.76435	0.00768597	0.0111764
6.78877	0.00763703	0.0111926
6.81319	0.00758856	0.0110199
6.83761	0.00754058	0.0110059
6.86203	0.00749306	0.0107669
6.88645	0.00744601	0.0105428
6.91087	0.00740254	0.010452
6.93529	0.0073533	0.0104231
6.95971	0.00730763	0.0103666
6.98413	0.00726239	0.0103615
7.00855	0.00722285	0.0101124
7.03297	0.0071732	0.00993238
7.05739	0.00712924	0.00985298
7.08181	0.0070857	0.00984505
7.10623	0.00704257	0.00973189
7.13065	0.00699985	0.00964642
7.15507	0.00695753	0.00963449
7.17949	0.00691561	0.00962434
7.20391	0.00687408	0.00946466
7.22833	0.00683294	0.00948618
7.25275	0.00679372	0.00944008
7.27717	0.00675179	0.00940232
7.30159	0.00671178	0.00933704
7.32601	0.00667213	0.00921758
7.35043	0.00663285	0.00910456
7.37485	0.00659392	0.00897233
7.39927	0.00655536	0.00889535
7.42369	0.00651714	0.00887108
7.44811	0.00647926	0.00886098
7.47253	0.00644173	0.00880773
7.49695	0.00640297	0.00875631
7.52137	0.00636767	0.00868319
7.54579	0.00633113	0.00855901
7.57021	0.00629491	0.00846604
7.59463	0.00625902	0.00834651
7.61905	0.00622344	0.00822899
7.64347	0.00618818	0.00810436
7.66789	0.00615322	0.00793775
7.69231	0.00611858	0.00784505
7.71673	0.00608423	0.00763347
7.74115	0.00604603	0.00745431
7.76557	0.00601644	0.00738714
7.78999	0.00598298	0.00742754
7.81441	0.00594981	0.00746269
7.83883	0.00591693	0.00740252
7.86325	0.00588433	0.00740838
7.88767	0.005852	0.00744452
7.91209	0.00581996	0.00748321
7.93651	0.00578818	0.00747706
7.96093	0.00575667	0.00746506
7.98535	0.00572543	0.00746614
8.00977	0.00569864	0.00741087
8.03419	0.00566374	0.00729431
8.05861	0.00563328	0.00735805
8.08303	0.00560307	0.0072826
8.10745	0.00557312	0.00724004
8.13187	0.00554341	0.00723182
8.15629	0.00551395	0.00719708
8.18071	0.00548473	0.00716748
8.20513	0.00545575	0.00706897
8.22955	0.00542701	0.00698548
8.25397	0.0053985	0.00696516
8.27839	0.00537023	0.00700473
8.30281	0.00534218	0.00700743
8.32723	0.00531436	0.00699969
8.35165	0.00528677	0.00699578
8.37607	0.0052594	0.00696984
8.40049	0.00523224	0.00694974
8.42491	0.00520531	0.00697066
8.44933	0.00517859	0.00699298
8.47375	0.00515208	0.00701409
8.49817	0.00512511	0.0069925
8.52259	0.00509969	0.0069667
8.54701	0.00507381	0.00696748
8.57143	0.00504813	0.0069578
8.59585	0.00502265	0.0069782
8.62027	0.00499737	0.00697746
8.64469	0.00497229	0.0069981
8.66911	0.0049474	0.00699401
8.69353	0.0049227	0.006977
8.71795	0.0048982	0.00702443
8.74237	0.00487388	0.00708979
8.76679	0.00484976	0.00711314
8.79121	0.00482581	0.00707165
8.81563	0.00480205	0.00704261
8.84005	0.00477847	0.00705098
8.86447	0.00475507	0.00706893
8.88889	0.00473185	0.00710286
8.91331	0.0047088	0.00706503
8.93773	0.00468593	0.00706198
8.96215	0.00466323	0.00708414
8.98657	0.00464069	0.00707788
9.01099	0.00461833	0.00703465
9.03541	0.00459613	0.00705274
9.05983	0.0045741	0.00709687
9.08425	0.00455223	0.0071099
9.10867	0.00453052	0.00716235
9.13309	0.00450898	0.0071751
9.15751	0.00448759	0.00715472
9.18193	0.00446636	0.00704549
9.20635	0.00444528	0.00700087
9.23077	0.00442436	0.00694743
9.25519	0.00440359	0.0068834
9.27961	0.00438297	0.00683142
9.30403	0.0043625	0.00682843
9.32845	0.00434218	0.00676929
9.35287	0.004322	0.00672355
9.37729	0.00430197	0.00669096
9.40171	0.00428208	0.0066792
9.42613	0.00426234	0.00670203
9.45055	0.00424273	0.00674824
9.47497	0.00422327	0.00675131
9.49939	0.00420378	0.00673373
9.52381	0.00418475	0.00672368
9.54823	0.00416569	0.00672943
9.57265	0.00414677	0.00678387
9.59707	0.00412798	0.00681513
9.62149	0.00410932	0.00679041
9.64591	0.00409079	0.00682325
9.67033	0.00407239	0.00677311
9.69475	0.00405412	0.00679148
9.71917	0.00403598	0.00687969
9.74359	0.00401796	0.00698546
9.76801	0.00399931	0.00706984
9.79243	0.00398477	0.00704514
9.81685	0.00396991	0.00705578
9.84127	0.00395515	0.0070779
9.86569	0.00394047	0.00707134
9.89011	0.00392589	0.0070136
9.91453	0.0039114	0.00694391
9.93895	0.00389699	0.00686594
9.96337	0.00388268	0.00682233
9.98779	0.00386845	0.00682981
10.0122	0.0038543	0.00678268
10.0366	0.00384024	0.00680456
10.0611	0.00382627	0.00679958
10.0855	0.00381238	0.00673338
10.1099	0.00379858	0.00662693
10.1343	0.00378486	0.00659736
10.1587	0.00377122	0.00649848
10.1832	0.00375766	0.00646425
10.2076	0.00374418	0.00646544
10.232	0.00373078	0.00644486
10.2564	0.00371746	0.00634352
10.2808	0.00370423	0.00633204
10.3053	0.00369107	0.00632446
10.3297	0.00367798	0.00635716
10.3541	0.00366498	0.00638624
10.3785	0.00365205	0.00635833
10.4029	0.00363919	0.0063442
10.4274	0.00362641	0.00631148
10.4518	0.00361371	0.00628256
10.4762	0.00360108	0.00627473
10.5006	0.00358859	0.00623994
10.525	0.00357604	0.00620658
10.5495	0.00356363	0.00616397
10.5739	0.00355129	0.00610702
10.5983	0.00353902	0.0060543
10.6227	0.00352682	0.00601187
10.6471	0.0035147	0.00597589
10.6716	0.00350264	0.00595925
10.696	0.00349065	0.00596164
10.7204	0.00347873	0.00597295
10.7448	0.00346687	0.00596179
10.7692	0.00345508	0.00593165
10.7937	0.00344336	0.00593323
10.8181	0.00343171	0.00593316
10.8425	0.00342038	0.00588676
10.8669	0.00340435	0.0057467
10.8913	0.00338908	0.00571839
10.9158	0.00337391	0.0056093
10.9402	0.00335884	0.00555658
10.9646	0.00334387	0.0055515
10.989	0.003329	0.00550967
11.0134	0.00331423	0.00549801
11.0379	0.00329956	0.00549791
11.0623	0.00328498	0.00548932
11.0867	0.0032705	0.0054538
11.1111	0.00325611	0.00542623
11.1355	0.00324181	0.00534203
11.16	0.00322761	0.00528901
11.1844	0.0032135	0.005256
11.2088	0.00319948	0.00524538
11.2332	0.00318555	0.00523342
11.2576	0.00317171	0.00521354
11.2821	0.00315796	0.00522547
11.3065	0.00314429	0.00525285
11.3309	0.00313072	0.0052739
11.3553	0.00311723	0.00524686
11.3797	0.00310382	0.00523192
11.4042	0.00309051	0.00520822
11.4286	0.00307727	0.00516606
11.453	0.00306412	0.00513162
11.4774	0.00305105	0.00513067
11.5018	0.00303847	0.00514675
11.5263	0.00302516	0.00515586
11.5507	0.00301234	0.00516317
11.5751	0.0029996	0.00517427
11.5995	0.00298693	0.00517227
11.6239	0.00297435	0.00515888
11.6484	0.00296184	0.005111
11.6728	0.00294941	0.00504563
11.6972	0.00293706	0.00500917
11.7216	0.00292479	0.00501191
11.746	0.00291259	0.00500063
11.7705	0.00290046	0.00500372
11.7949	0.00288841	0.0049944
11.8193	0.00287644	0.0049704
11.8437	0.00286453	0.00492617
11.8681	0.0028527	0.00489404
11.8926	0.00284094	0.00486804
11.917	0.00282925	0.00484531
11.9414	0.00281764	0.00481691
11.9658	0.00280609	0.00477432
11.9902	0.0027927	0.00474169
12.0147	0.00278321	0.00471273
12.0391	0.00277187	0.00468758
12.0635	0.0027606	0.00464971
12.0879	0.0027494	0.00458961
12.1123	0.00273827	0.00455669
12.1368	0.0027272	0.00448995
12.1612	0.0027162	0.00443401
12.1856	0.00270526	0.00439845
12.21	0.00269439	0.00438354
12.2344	0.00268358	0.00434445
12.2589	0.00267284	0.00433196
12.2833	0.00266216	0.00431984
12.3077	0.00265154	0.00429893
12.3321	0.00264099	0.00427035
12.3565	0.00263049	0.00423074
12.381	0.00262006	0.00418624
12.4054	0.00260969	0.00414422
12.4298	0.00259938	0.00411426
12.4542	0.00258913	0.00408124
12.4786	0.00257894	0.00406471
12.5031	0.00256934	0.00403821
12.5275	0.00255873	0.00400308
12.5519	0.00254872	0.0039849
12.5763	0.00253876	0.00395466
12.6007	0.00252886	0.00395706
12.6252	0.00251902	0.00394738
12.6496	0.00250923	0.00391075
12.674	0.0024995	0.00386785
12.6984	0.00248982	0.00383978
12.7228	0.0024802	0.00381197
12.7473	0.00247063	0.00380473
12.7717	0.00246112	0.00380693
12.7961	0.00245166	0.00380167
12.8205	0.00244226	0.00376805
12.8449	0.00243291	0.00374488
12.8694	0.00242361	0.00371671
12.8938	0.00241436	0.00371007
12.9182	0.00240517	0.00371835
12.9426	0.00239602	0.00369653
12.967	0.00238693	0.00368679
12.9915	0.00237657	0.00366414
13.0159	0.0023689	0.00365563
13.0403	0.00235996	0.00365202
13.0647	0.00235107	0.00361953
13.0891	0.00234222	0.00358967
13.1136	0.00233343	0.00355117
13.138	0.00232468	0.00354026
13.1624	0.00231599	0.00355001
13.1868	0.00230734	0.00354191
13.2112	0.00229873	0.00352486
13.2357	0.00229018	0.00351524
13.2601	0.00228167	0.00351651
13.2845	0.00227321	0.00351057
13.3089	0.00226479	0.00347985
13.3333	0.00225642	0.00347182
13.3578	0.00224778	0.0034474
13.3822	0.00223982	0.00344251
13.4066	0.00223158	0.00343592
13.431	0.0022234	0.00340822
13.4554	0.00221525	0.00339397
13.4799	0.00220715	0.00339008
13.5043	0.00219968	0.00338356
13.5287	0.00219107	0.00334421
13.5531	0.0021831	0.00332189
13.5775	0.00217517	0.00326054
13.602	0.00216728	0.00321134
13.6264	0.00215943	0.00316221
13.6508	0.00215163	0.00309188
13.6752	0.00214387	0.00306511
13.6996	0.00213614	0.00300598
13.7241	0.00212846	0.00299023
13.7485	0.00212082	0.0029921
13.7729	0.00211322	0.00297485
13.7973	0.00210566	0.00294107
13.8217	0.00209707	0.00293178
13.8462	0.00206273	0.00293472
13.8706	0.002014	0.00294519
13.895	0.00196641	0.00293451
13.9194	0.00191992	0.00290023
13.9438	0.00187452	0.00288892
13.9683	0.00183017	0.00286216
13.9927	0.00177515	0.0028397
14.0171	0.00174454	0.00282447
14.0415	0.0017032	0.00282003
14.0659	0.00166282	0.00281464
14.0904	0.00162337	0.00281649
14.1148	0.00158482	0.0027981
14.1392	0.00154716	0.00275923
14.1636	0.00151037	0.00273792
14.188	0.00147442	0.00270395
14.2125	0.00143929	0.00269391
14.2369	0.00140496	0.00269398
14.2613	0.00137142	0.00268609
14.2857	0.00133864	0.00265406
14.3101	0.0013066	0.00264432
14.3346	0.00127529	0.00261506
14.359	0.0012447	0.00257466
14.3834	0.00121479	0.00252409
14.4078	0.00118556	0.00246553
14.4322	0.00115699	0.00245763
14.4567	0.00112907	0.00241816
14.4811	0.00110177	0.00238481
14.5055	0.00108055	0.00233883
14.5299	0.001049	0.00226726
14.5543	0.0010235	0.00226425
14.5788	0.000998567	0.00219441
14.6032	0.000974193	0.0021302
14.6276	0.000950363	0.00208151
14.652	0.000927065	0.00205445
14.6764	0.000904284	0.00204251
14.7009	0.00088201	0.00203109
14.7253	0.000860229	0.00202313
14.7497	0.000838932	0.00200685
14.7741	0.000818105	0.0020042
14.7985	0.000797739	0.0019829
14.823	0.000780023	0.00197064
14.8474	0.000777789	0.00196386
14.8718	0.000775641	0.00194823
14.8962	0.000773503	0.00193493
14.9206	0.000771373	0.00191425
14.9451	0.000769253	0.00189377
14.9695	0.000767142	0.0018786
14.9939	0.000764886	0.00187107
15.0183	0.000762947	0.00186898
15.0427	0.000760863	0.00186105
15.0672	0.000758788	0.0018486
15.0916	0.000756721	0.00182786
15.116	0.000754664	0.00180214
15.1404	0.000752615	0.00179882
15.1648	0.000750575	0.00176869
15.1893	0.000748543	0.00174968
15.2137	0.00074652	0.0017407
15.2381	0.000744506	0.00173499
15.2625	0.0007425	0.00172443
15.2869	0.000740502	0.00172367
15.3114	0.000738513	0.0017051
15.3358	0.000736432	0.00168917
15.3602	0.00073456	0.00168536
15.3846	0.000732596	0.00167677
15.409	0.00073064	0.0016769
15.4335	0.000728692	0.00165998
15.4579	0.000726752	0.00162156
15.4823	0.00072482	0.00157758
15.5067	0.000722897	0.0015739
15.5311	0.000720981	0.00153443
15.5556	0.000719073	0.00152014
15.58	0.000717173	0.00151242
15.6044	0.000715281	0.00149517
15.6288	0.000713396	0.00149262
15.6532	0.00071152	0.00145531
15.6777	0.000709651	0.0014167
15.7021	0.000707789	0.00138573
15.7265	0.000705936	0.00137057
15.7509	0.00070409	0.00137125
15.7753	0.000702251	0.00137245
15.7998	0.00070042	0.00137522
15.8242	0.000698596	0.00137496
15.8486	0.00069678	0.00137071
15.873	0.000694971	0.0013638
15.8974	0.000693169	0.0013641
15.9219	0.000691375	0.00136003
15.9463	0.000689588	0.00135488
15.9707	0.000687808	0.00135176
15.9951	0.00068593	0.00134589
16.0195	0.00068427	0.0013459
16.044	0.000682511	0.00134285
16.0684	0.000680759	0.00133265
16.0928	0.000679015	0.00132041
16.1172	0.000677277	0.00131173
16.1416	0.000675547	0.00130551
16.1661	0.000673823	0.00130314
16.1905	0.000672106	0.0012955
16.2149	0.000670396	0.00128227
16.2393	0.000668693	0.00127575
16.2637	0.000666996	0.00126153
16.2882	0.000665306	0.00125626
16.3126	0.000663623	0.00125884
16.337	0.000661947	0.00126043
16.3614	0.000660277	0.0012595
16.3858	0.000658613	0.00125014
16.4103	0.000656956	0.00123006
16.4347	0.000655306	0.00121047
16.4591	0.000653662	0.00120469
16.4835	0.000652024	0.00120689
16.5079	0.000650393	0.00120446
16.5324	0.000648768	0.00120358
16.5568	0.00064715	0.00119955
16.5812	0.000645537	0.00119378
16.6056	0.000643931	0.0011856
16.63	0.000642332	0.00118221
16.6545	0.000640738	0.00118147
16.6789	0.000639151	0.0011817
16.7033	0.000637569	0.00118492
16.7277	0.000635994	0.0011933
16.7521	0.000634425	0.00119245
16.7766	0.000632862	0.00119161
16.801	0.000631304	0.00118465
16.8254	0.000629753	0.00117413
16.8498	0.000628208	0.0011625
16.8742	0.000626668	0.00115859
16.8987	0.000625135	0.00115274
16.9231	0.000623607	0.00114099
16.9475	0.000622085	0.00112068
16.9719	0.000620569	0.00110247
16.9963	0.000618991	0.00110611
17.0208	0.000617554	0.0011044
17.0452	0.000616055	0.00110423
17.0696	0.000614561	0.00109777
17.094	0.000613074	0.00109069
17.1184	0.000611591	0.00109017
17.1429	0.000610115	0.00108436
17.1673	0.000608644	0.00107996
17.1917	0.000607178	0.00106919
17.2161	0.000605718	0.00107059
17.2405	0.000604263	0.00104485
17.265	0.000602814	0.00102251
17.2894	0.00060137	0.00100851
17.3138	0.000599932	0.000997788
17.3382	0.000598499	0.00099432
17.3626	0.000597071	0.000977438
17.3871	0.000595648	0.000960939
17.4115	0.000594231	0.000946236
17.4359	0.000592819	0.000935816
17.4603	0.000591412	0.000933538
17.4847	0.000590011	0.000922448
17.5092	0.000588614	0.000910461
17.5336	0.000587223	0.000893971
17.558	0.000585836	0.000878277
17.5824	0.000584455	0.00087713
17.6068	0.000583079	0.000882298
17.6313	0.000581729	0.000879852
17.6557	0.000580342	0.000880871
17.6801	0.000578981	0.000881725
17.7045	0.000577625	0.000878611
17.7289	0.000576274	0.000876486
17.7534	0.000574927	0.000875051
17.7778	0.000573586	0.000877413
17.8022	0.000572249	0.000883149
17.8266	0.000570918	0.000888855
17.851	0.000569591	0.000891686
17.8755	0.000568269	0.000893366
17.8999	0.000566951	0.000895575
17.9243	0.000565639	0.000897986
17.9487	0.000564331	0.000898295
17.9731	0.000563027	0.000895602
17.9976	0.00056169	0.000893965
18.022	0.000560435	0.000890566
18.0464	0.000559145	0.00088437
18.0708	0.000557861	0.000881741
18.0952	0.000556581	0.000873749
18.1197	0.000555305	0.000873398
18.1441	0.000554034	0.000874334
18.1685	0.000552767	0.000872136
18.1929	0.000551505	0.000869812
18.2173	0.000550248	0.000870221
18.2418	0.000548994	0.000871794
18.2662	0.000547746	0.000870271
18.2906	0.000546501	0.000866577
18.315	0.000545261	0.000865184
18.3394	0.000544026	0.000861648
18.3639	0.000542794	0.000861343
18.3883	0.000541567	0.000862142
18.4127	0.000540345	0.000860423
18.4371	0.000539126	0.000860304
18.4615	0.000537912	0.000852177
18.486	0.000536702	0.000847776
18.5104	0.000535496	0.000845578
18.5348	0.000534295	0.000844884
18.5592	0.000533098	0.000848492
18.5836	0.000531904	0.000849898
18.6081	0.000530715	0.000851238
18.6325	0.00052953	0.00085157
18.6569	0.00052835	0.000850512
18.6813	0.000527173	0.000847528
18.7057	0.000526	0.000847995
18.7302	0.000524831	0.000847358
18.7546	0.000523667	0.000847503
18.779	0.000522506	0.000850032
18.8034	0.000521349	0.000859414
18.8278	0.000520197	0.00086322
18.8523	0.000519048	0.000864713
18.8767	0.000517903	0.000863764
18.9011	0.000516762	0.000863408
18.9255	0.000515625	0.000862823
18.9499	0.000514492	0.000861206
18.9744	0.000513363	0.000858959
18.9988	0.000512237	0.000855324
19.0232	0.000511115	0.000852221
19.0476	0.000509998	0.000848652
19.072	0.000508883	0.000846334
19.0965	0.000507773	0.000844703
19.1209	0.000506667	0.000843997
19.1453	0.000505564	0.000844686
19.1697	0.000504465	0.000842483
19.1941	0.000503369	0.000841631
19.2186	0.000502277	0.000841446
19.243	0.000501189	0.000841033
19.2674	0.000500105	0.000839263
19.2918	0.000499024	0.000834365
19.3162	0.000497947	0.000831234
19.3407	0.000496873	0.000826429
19.3651	0.000495803	0.000821315
19.3895	0.000494736	0.000817212
19.4139	0.000493673	0.0008125
19.4383	0.000492614	0.000808863
19.4628	0.000491558	0.00080582
19.4872	0.000490506	0.000802439
19.5116	0.000489457	0.000798807
19.536	0.000488411	0.000793851
19.5604	0.000487369	0.000791753
19.5849	0.000486331	0.000791305
19.6093	0.000485295	0.000791635
19.6337	0.000484264	0.000790462
19.6581	0.000483235	0.000784509
19.6825	0.00048221	0.000783128
19.707	0.000481189	0.000778121
19.7314	0.00048017	0.000772816
19.7558	0.000479155	0.000768957
19.7802	0.000478144	0.000767352
19.8046	0.000477135	0.00076447
19.8291	0.00047613	0.000762787
19.8535	0.000475128	0.000762121
19.8779	0.00047413	0.000761201
19.9023	0.000473134	0.000762943
19.9267	0.000472142	0.000756357
19.9512	0.000471153	0.000748708
19.9756	0.000470168	0.00074293
20	0.000469185	0.000739436
20.0244	0.000468206	0.000738072
20.0488	0.000467229	0.000735408
20.0733	0.000466256	0.000733543
20.0977	0.000465286	0.000732817
20.1221	0.00046432	0.000733498
20.1465	0.000463356	0.000733112
20.1709	0.000462395	0.000732656
20.1954	0.000461438	0.000732207
20.2198	0.000460483	0.000732338
20.2442	0.000459532	0.000732721
20.2686	0.000458583	0.000733577
20.293	0.000457638	0.000731939
20.3175	0.000456695	0.000729953
20.3419	0.000455756	0.000729316
20.3663	0.000454819	0.000730194
20.3907	0.000453886	0.000729841
20.4151	0.000452955	0.000729886
20.4396	0.000452028	0.000729479
20.464	0.000451103	0.00072955
20.4884	0.000450181	0.000730386
20.5128	0.000449262	0.000729732
20.5372	0.000448347	0.000727688
20.5617	0.000447433	0.000726782
20.5861	0.000446523	0.000725622
20.6105	0.000445616	0.000723563
20.6349	0.000444711	0.00071991
20.6593	0.00044381	0.000716856
20.6838	0.000442911	0.000715236
20.7082	0.000442015	0.000715286
20.7326	0.000441121	0.000714062
20.757	0.000440231	0.000710728
20.7814	0.000439343	0.000705201
20.8059	0.000438458	0.000696973
20.8303	0.000437576	0.000689003
20.8547	0.000436697	0.000683732
20.8791	0.00043582	0.00068052
20.9035	0.000434946	0.000678305
20.928	0.000434074	0.000677414
20.9524	0.000433206	0.000676756
20.9768	0.00043234	0.000674547
21.0012	0.000431476	0.000671226
21.0256	0.000430616	0.000668043
21.0501	0.000429758	0.000663916
21.0745	0.000428902	0.000659728
21.0989	0.000428049	0.00065547
21.1233	0.000427199	0.000652682
21.1477	0.000426352	0.00064926
21.1722	0.000425507	0.000646348
21.1966	0.000424664	0.000644733
21.221	0.000423824	0.000644544
21.2454	0.000422987	0.00064441
21.2698	0.000422152	0.0006468
21.2943	0.00042132	0.000648364
21.3187	0.00042049	0.00064915
21.3431	0.000419663	0.000650387
21.3675	0.000418839	0.000650175
21.3919	0.000418016	0.000649547
21.4164	0.000417197	0.000649906
21.4408	0.00041638	0.000650648
21.4652	0.000415565	0.000650829
21.4896	0.000414752	0.000649915
21.514	0.000413943	0.000646757
21.5385	0.000413135	0.000644847
21.5629	0.00041233	0.000643922
21.5873	0.000411528	0.000643767
21.6117	0.000410727	0.00064192
21.6361	0.00040993	0.000640601
21.6606	0.000409134	0.000639924
21.685	0.000408341	0.000638837
21.7094	0.00040755	0.000637263
21.7338	0.000406762	0.000634925
21.7582	0.000405976	0.00063376
21.7827	0.000405192	0.000632656
21.8071	0.000404411	0.000630329
21.8315	0.000403632	0.000626352
21.8559	0.000402855	0.000621803
21.8803	0.000402081	0.000622574
21.9048	0.000401309	0.000619932
21.9292	0.000400539	0.000616687
21.9536	0.000399771	0.00061365
21.978	0.000399006	0.000611581
22.0024	0.000398266	0.000609849
22.0269	0.000397482	0.000609505
22.0513	0.000396723	0.000609559
22.0757	0.000395967	0.000608089
22.1001	0.000395213	0.000606541
22.1245	0.000394461	0.000603759
22.149	0.000393711	0.000600408
22.1734	0.000392964	0.000597072
22.1978	0.000392218	0.000596338
22.2222	0.000391475	0.000597041
22.2466	0.000390734	0.000598808
22.2711	0.000389995	0.000598844
22.2955	0.000389258	0.000599105
22.3199	0.000388524	0.000599819
22.3443	0.000387791	0.000599171
22.3687	0.000387061	0.000597115
22.3932	0.000386333	0.00059435
22.4176	0.000385606	0.000591432
22.442	0.000384882	0.000588961
22.4664	0.00038416	0.000587965
22.4908	0.000381219	0.000582728
22.5153	0.000375547	0.0005779
22.5397	0.000369946	0.000574809
22.5641	0.000364414	0.000574283
22.5885	0.000358951	0.000573644
22.6129	0.000353557	0.000573465
22.6374	0.000348229	0.000569302
22.6618	0.000342968	0.000563007
22.6862	0.000337771	0.000557987
22.7106	0.000332639	0.000555165
22.735	0.000327571	0.00055466
22.7595	0.000322565	0.00055575
22.7839	0.000317622	0.000556301
22.8083	0.000312739	0.00055396
22.8327	0.000307917	0.000547693
22.8571	0.000303154	0.000546793
22.8816	0.000298449	0.000542407
22.906	0.000293803	0.000539086
22.9304	0.000289214	0.000536202
22.9548	0.000284681	0.000533769
22.9792	0.000280204	0.000532405
23.0037	0.000275782	0.000530632
23.0281	0.000271414	0.000529578
23.0525	0.0002671	0.0005281
23.0769	0.000262838	0.000526476
23.1013	0.000258629	0.000525314
23.1258	0.000254471	0.000526072
23.1502	0.000250364	0.000527115
23.1746	0.000246307	0.00052667
23.199	0.000242299	0.000526264
23.2234	0.00023834	0.000523926
23.2479	0.00023443	0.000522763
23.2723	0.000230899	0.000523056
23.2967	0.000230644	0.000522774
23.3211	0.000230386	0.000521437
23.3455	0.000230128	0.000519178
23.37	0.000229872	0.000516883
23.3944	0.000229616	0.000514361
23.4188	0.00022936	0.000512551
23.4432	0.000229105	0.000511764
23.4676	0.00022885	0.000509798
23.4921	0.000228597	0.000509004
23.5165	0.000228343	0.000508705
23.5409	0.00022809	0.00050798
23.5653	0.000227838	0.000505526
23.5897	0.000227586	0.000503431
23.6142	0.000227335	0.000500274
23.6386	0.000227084	0.00049662
23.663	0.000226834	0.000493762
23.6874	0.000226585	0.000493343
23.7118	0.000226336	0.000491853
23.7363	0.000226087	0.000491803
23.7607	0.000225839	0.000491997
23.7851	0.000225592	0.000490973
23.8095	0.000225345	0.000488684
23.8339	0.000225098	0.000486103
23.8584	0.000224853	0.000482557
23.8828	0.000224607	0.000479748
23.9072	0.000224362	0.000478434
23.9316	0.000224118	0.000477484
23.956	0.000223874	0.000475941
23.9805	0.000223631	0.000475081
24.0049	0.000223388	0.000474623
24.0293	0.000223146	0.00047358
24.0537	0.000222904	0.00047143
24.0781	0.000222663	0.000471182
24.1026	0.000221996	0.000468285
24.127	0.00022093	0.000466626
24.1514	0.000219868	0.000466259
24.1758	0.000218812	0.000465891
24.2002	0.000217761	0.000463798
24.2247	0.000216714	0.000463027
24.2491	0.000215673	0.000461847
24.2735	0.000214636	0.000460544
24.2979	0.000213604	0.000459052
24.3223	0.000212577	0.000457105
24.3468	0.000211555	0.000455569
24.3712	0.000210538	0.000455435
24.3956	0.000209525	0.000456164
24.42	0.000208517	0.000455967
24.4444	0.000207514	0.000454645
24.4689	0.000206515	0.000452165
24.4933	0.000205521	0.000449601
24.5177	0.000204531	0.000447698
24.5421	0.000203546	0.00044751
24.5665	0.000202566	0.000445828
24.591	0.00020159	0.000444162
24.6154	0.000200619	0.000443141
24.6398	0.000199652	0.000441764
24.6642	0.00019869	0.000440497
24.6886	0.000197732	0.000436838
24.7131	0.000196778	0.000432463
24.7375	0.000195829	0.000430712
24.7619	0.000194884	0.000431717
24.7863	0.000193944	0.000432344
24.8107	0.000193008	0.000432297
24.8352	0.000192076	0.000430316
24.8596	0.000191148	0.000428522
24.884	0.000190225	0.000428104
24.9084	0.000189306	0.000426129
24.9328	0.000188391	0.000426011
24.9573	0.000187684	0.000425426
24.9817	0.000187458	0.000424938
25.0061	0.000187233	0.000424186
25.0305	0.000187009	0.000422994
25.0549	0.000186785	0.000420464
25.0794	0.000186562	0.000416166
25.1038	0.000186339	0.000412317
25.1282	0.000186116	0.000410239
25.1526	0.000185894	0.000408446
25.177	0.000185673	0.000407688
25.2015	0.000185452	0.000407605
25.2259	0.000185231	0.000407679
25.2503	0.000185011	0.000407566
25.2747	0.000184792	0.000405714
25.2991	0.000184573	0.000405674
25.3236	0.000184354	0.000405787
25.348	0.000184136	0.000405798
25.3724	0.000183918	0.000405556
25.3968	0.000183701	0.000404517
25.4212	0.000183484	0.000404648
25.4457	0.000183268	0.000404509
25.4701	0.000183052	0.000402857
25.4945	0.000182837	0.000399041
25.5189	0.000182622	0.00039496
25.5433	0.000182407	0.000394766
25.5678	0.000182193	0.000392117
25.5922	0.00018198	0.000391081
25.6166	0.000181767	0.000389265
25.641	0.000181554	0.000388159
25.6654	0.000181342	0.000385719
25.6899	0.00018113	0.000384685
25.7143	0.000180919	0.000384893
25.7387	0.000180708	0.000383822
25.7631	0.000180498	0.000382718
25.7875	0.000180288	0.000379837
25.812	0.000180078	0.000376802
25.8364	0.000179869	0.000375615
25.8608	0.000179661	0.000375726
25.8852	0.000179452	0.000374041
25.9096	0.000179245	0.000374038
25.9341	0.000179037	0.000373924
25.9585	0.000178831	0.000373921
25.9829	0.000178624	0.000373983
26.0073	0.000178418	0.000373039
26.0317	0.000178213	0.00037366
26.0562	0.000178007	0.000374359
26.0806	0.000177803	0.000375148
26.105	0.000177598	0.000375859
26.1294	0.000177395	0.000376316
26.1538	0.000177191	0.000376396
26.1783	0.000176988	0.000376417
26.2027	0.000176785	0.000376459
26.2271	0.000176583	0.00037658
26.2515	0.000176382	0.000376766
26.2759	0.00017618	0.00037802
26.3004	0.000175979	0.000378811
26.3248	0.000175779	0.000377156
26.3492	0.000175579	0.000372325
26.3736	0.000175379	0.000371562
26.398	0.00017518	0.000364556
26.4225	0.000174981	0.000359346
26.4469	0.000174782	0.000356257
26.4713	0.000174584	0.000354631
26.4957	0.000174387	0.00035486
26.5201	0.00017419	0.000353905
26.5446	0.000173993	0.000353065
26.569	0.000173796	0.000352606
26.5934	0.0001736	0.000352146
26.6178	0.000173405	0.000350226
26.6422	0.00017321	0.000349464
26.6667	0.000173015	0.000347099
26.6911	0.00017282	0.000343383
26.7155	0.000172626	0.000339171
26.7399	0.000172433	0.000335094
26.7643	0.000172239	0.000334471
26.7888	0.000172047	0.000332897
26.8132	0.000171854	0.000331981
26.8376	0.000171662	0.000330397
26.862	0.000171471	0.000328537
26.8864	0.000171279	0.000328635
26.9109	0.000171088	0.0003269
26.9353	0.000170898	0.000325968
26.9597	0.000170708	0.000325338
26.9841	0.000170518	0.000323916
27.0085	0.000170329	0.000322829
27.033	0.00017014	0.000321442
27.0574	0.000169951	0.000320502
27.0818	0.000169763	0.000320383
27.1062	0.000169575	0.000319022
27.1306	0.000169388	0.000318911
27.1551	0.000169201	0.000317627
27.1795	0.000169014	0.000314987
27.2039	0.000168827	0.000312543
27.2283	0.000168642	0.00031269
27.2527	0.000168456	0.000311548
27.2772	0.000168271	0.000311673
27.3016	0.000168086	0.000310527
27.326	0.000167901	0.000307188
27.3504	0.000167717	0.000307846
27.3748	0.000167534	0.000305676
27.3993	0.00016735	0.000305138
27.4237	0.000167167	0.000305305
27.4481	0.000166985	0.000304916
27.4725	0.000166802	0.000304803
27.4969	0.00016662	0.000303894
27.5214	0.000166439	0.000303515
27.5458	0.000166258	0.000303134
27.5702	0.000166077	0.000301271
27.5946	0.000165896	0.00029803
27.619	0.000165716	0.000298393
27.6435	0.000165536	0.000298083
27.6679	0.000165357	0.000298444
27.6923	0.000165178	0.000297933
27.7167	0.000164999	0.000296395
27.7411	0.000164821	0.000296059
27.7656	0.000164643	0.000296084
27.79	0.000164465	0.000296526
27.8144	0.000164288	0.000295749
27.8388	0.000164111	0.000293265
27.8632	0.000163934	0.000292735
27.8877	0.000163758	0.000289951
27.9121	0.000163582	0.000288482
27.9365	0.000163406	0.000287926
27.9609	0.000163231	0.000287146
27.9853	0.000163056	0.000286688
28.0098	0.000162881	0.000286172
28.0342	0.000162707	0.000284744
28.0586	0.000162533	0.000282792
28.083	0.00016236	0.000281442
28.1074	0.000162187	0.000281134
28.1319	0.000162014	0.000279949
28.1563	0.000161841	0.000278215
28.1807	0.000161669	0.000274781
28.2051	0.000161497	0.000274419
28.2295	0.000161325	0.000269946
28.254	0.000161154	0.000266072
28.2784	0.000160983	0.000264017
28.3028	0.000160813	0.00026324
28.3272	0.000160643	0.000262531
28.3516	0.000160473	0.000261432
28.3761	0.000160303	0.000260425
28.4005	0.000160134	0.000259914
28.4249	0.000159965	0.000260187
28.4493	0.000159796	0.000260965
28.4737	0.000159628	0.000261163
28.4982	0.00015946	0.000261454
28.5226	0.000159292	0.000261485
28.547	0.000159125	0.000260991
28.5714	0.000158958	0.000260704
28.5958	0.000158791	0.000261302
28.6203	0.000158625	0.000261902
28.6447	0.000158459	0.000262083
28.6691	0.000158293	0.000261876
28.6935	0.000158128	0.000262648
28.7179	0.000157962	0.000263299
28.7424	0.000157798	0.000262726
28.7668	0.000157633	0.000262907
28.7912	0.000157469	0.000263324
28.8156	0.000157305	0.000263242
28.84	0.000157142	0.000263399
28.8645	0.000156978	0.000263949
28.8889	0.000156815	0.000264793
28.9133	0.000156653	0.000265623
28.9377	0.00015649	0.000265813
28.9621	0.000156328	0.000265424
28.9866	0.000156167	0.000265259
29.011	0.000156005	0.000265103
29.0354	0.000155844	0.000264941
29.0598	0.000155683	0.000265411
29.0842	0.000155523	0.000265726
29.1087	0.000155363	0.000265929
29.1331	0.000155203	0.000266193
29.1575	0.000155043	0.000266553
29.1819	0.000154884	0.000266941
29.2063	0.000154725	0.000269076
29.2308	0.000154566	0.00026915
29.2552	0.000154408	0.000268997
29.2796	0.000154249	0.000269
29.304	0.000154092	0.000269063
29.3284	0.000153934	0.000268504
29.3529	0.000153777	0.000269167
29.3773	0.00015362	0.000270217
29.4017	0.000153463	0.000271286
29.4261	0.000153307	0.000271725
29.4505	0.000153151	0.000273466
29.475	0.000152995	0.000274593
29.4994	0.000152839	0.000274931
29.5238	0.000152684	0.000274473
29.5482	0.000152529	0.00027375
29.5726	0.000152375	0.000273083
29.5971	0.00015222	0.000272542
29.6215	0.000152066	0.000272008
29.6459	0.000151912	0.000271102
29.6703	0.000151759	0.000270278
29.6947	0.000151605	0.000270003
29.7192	0.000151453	0.000270336
29.7436	0.0001513	0.000270686
29.768	0.000151147	0.000270021
29.7924	0.000150995	0.000269352
29.8168	0.000150843	0.00026697
29.8413	0.000150692	0.000264668
29.8657	0.000150541	0.000263589
29.8901	0.00015039	0.000263347
29.9145	0.000150239	0.00026268
29.9389	0.000150088	0.000263037
29.9634	0.000149938	0.00026252
29.9878	0.000149788	0.000261351
30.0122	0.000149639	0.000260708
30.0366	0.000149489	0.000262628
30.0611	0.00014934	0.000262637
30.0855	0.000149191	0.000262234
30.1099	0.000149043	0.000261831
30.1343	0.000148894	0.000261214
30.1587	0.000148746	0.000261165
30.1832	0.000148599	0.000261001
30.2076	0.000148451	0.000261059
30.232	0.000148304	0.000261345
30.2564	0.000148157	0.000261812
30.2808	0.00014801	0.000261534
30.3053	0.000147864	0.000261618
30.3297	0.000147718	0.000261369
30.3541	0.000147572	0.000260658
30.3785	0.000147426	0.000259767
30.4029	0.000147281	0.000260658
30.4274	0.000147135	0.000259875
30.4518	0.000146991	0.000259337
30.4762	0.000146846	0.00025871
30.5006	0.000146702	0.000257756
30.525	0.000146557	0.000255965
30.5495	0.000146414	0.000255454
30.5739	0.00014627	0.000253989
30.5983	0.000146127	0.000252845
30.6227	0.000145984	0.000252229
30.6471	0.000145841	0.000251267
30.6716	0.000145698	0.000251087
30.696	0.000145556	0.000250862
30.7204	0.000145414	0.000250282
30.7448	0.000145272	0.000249515
30.7692	0.00014513	0.00024854
30.7937	0.000144989	0.000248062
30.8181	0.000144848	0.000247995
30.8425	0.000144707	0.000247941
30.8669	0.000144567	0.000247592
30.8913	0.000144426	0.000247122
30.9158	0.000144286	0.000246151
30.9402	0.000144147	0.000245876
30.9646	0.000144007	0.000245769
30.989	0.000143868	0.000245469
31.0134	0.000143729	0.000244996
31.0379	0.00014359	0.000243811
31.0623	0.000143451	0.000242822
31.0867	0.000143313	0.000242014
31.1111	0.000143175	0.000241636
31.1355	0.000143037	0.000241164
31.16	0.000142899	0.000240533
31.1844	0.000142762	0.00024019
31.2088	0.000142625	0.00023974
31.2332	0.000142488	0.00023953
31.2576	0.000142351	0.000239073
31.2821	0.000142215	0.000238587
31.3065	0.000142078	0.000238418
31.3309	0.000141942	0.000238088
31.3553	0.000141807	0.000237908
31.3797	0.000141671	0.000237455
31.4042	0.000141536	0.000236999
31.4286	0.000141401	0.000236965
31.453	0.000141266	0.000236938
31.4774	0.000141132	0.000236929
31.5018	0.000140997	0.000236471
31.5263	0.000140863	0.000235656
31.5507	0.000140729	0.000234662
31.5751	0.000140596	0.000233509
31.5995	0.000140462	0.000232834
31.6239	0.000140329	0.000232189
31.6484	0.000140196	0.000231749
31.6728	0.000140063	0.000231597
31.6972	0.000139931	0.000231101
31.7216	0.000139799	0.000230054
31.746	0.000139667	0.000228157
31.7705	0.000139535	0.000227721
31.7949	0.000139403	0.000226423
31.8193	0.000139272	0.000225636
31.8437	0.000139141	0.000224786
31.8681	0.00013901	0.000222839
31.8926	0.000138879	0.000222421
31.917	0.000138749	0.000220687
31.9414	0.000138618	0.000219598
31.9658	0.000138488	0.000219008
31.9902	0.000138359	0.00021818
32.0147	0.000138229	0.00021733
32.0391	0.0001381	0.00021624
32.0635	0.000137971	0.000215571
32.0879	0.000137842	0.000215415
32.1123	0.000137713	0.000214612
32.1368	0.000137584	0.000214372
32.1612	0.000137456	0.000213731
32.1856	0.000137328	0.000212929
32.21	0.0001372	0.000212307
32.2344	0.000137073	0.000211516
32.2589	0.000136945	0.000211203
32.2833	0.000136818	0.00021098
32.3077	0.000136691	0.000210358
32.3321	0.000136564	0.000209072
32.3565	0.000136438	0.00020829
32.381	0.000136312	0.000206839
32.4054	0.000136185	0.000205969
32.4298	0.00013606	0.000205691
32.4542	0.000135934	0.000205368
32.4786	0.000135808	0.00020461
32.5031	0.000135683	0.000203948
32.5275	0.000135558	0.000203278
32.5519	0.000135433	0.000202837
32.5763	0.000135309	0.000202469
32.6007	0.000135184	0.000202094
32.6252	0.00013506	0.000201303
32.6496	0.000134936	0.000200896
32.674	0.000134812	0.000200562
32.6984	0.000134688	0.000200286
32.7228	0.000134565	0.000199914
32.7473	0.000134442	0.000199315
32.7717	0.000134319	0.00019888
32.7961	0.000134196	0.000197808
32.8205	0.000134074	0.00019614
32.8449	0.000133951	0.000195783
32.8694	0.000133829	0.000193894
32.8938	0.000133707	0.000193064
32.9182	0.000133585	0.000192662
32.9426	0.000133464	0.000192224
32.967	0.000133342	0.000191873
32.9915	0.000133221	0.000191079
33.0159	0.0001331	0.00019071
33.0403	0.000132979	0.000190195
33.0647	0.000132859	0.000189538
33.0891	0.000132738	0.000188836
33.1136	0.000132618	0.000188495
33.138	0.000132498	0.000188411
33.1624	0.000132378	0.000187845
33.1868	0.000132259	0.000186577
33.2112	0.000132139	0.000185087
33.2357	0.00013202	0.000184751
33.2601	0.000131901	0.000184187
33.2845	0.000131782	0.000183443
33.3089	0.000131664	0.000181881
33.3333	0.000131545	0.000179889
33.3578	0.000131427	0.000179563
33.3822	0.000131309	0.000178792
33.4066	0.000131191	0.000178758
33.431	0.000131074	0.000178577
33.4554	0.000130956	0.000177644
33.4799	0.000130839	0.000177328
33.5043	0.000130722	0.00017667
33.5287	0.000130605	0.000176225
33.5531	0.000130488	0.000175936
33.5775	0.000130372	0.00017538
33.602	0.000130255	0.000175066
33.6264	0.000130139	0.000174792
33.6508	0.000130023	0.000174404
33.6752	0.000129908	0.000174002
33.6996	0.000129792	0.000173482
33.7241	0.000129677	0.00017317
33.7485	0.000129562	0.000173124
33.7729	0.000129447	0.000172995
33.7973	0.000129332	0.000172584
33.8217	0.000129217	0.000171568
33.8462	0.000129103	0.000171265
33.8706	0.000128988	0.000170312
33.895	0.000128874	0.000169253
33.9194	0.00012876	0.000168346
33.9438	0.000128647	0.00016748
33.9683	0.000128533	0.000167184
33.9927	0.00012842	0.000166919
34.0171	0.000128307	0.000166761
34.0415	0.000128194	0.000166553
34.0659	0.000128081	0.000165876
34.0904	0.000127968	0.000165581
34.1148	0.000127856	0.000164929
34.1392	0.000127743	0.000164094
34.1636	0.000127631	0.000163334
34.188	0.000127519	0.000162886
34.2125	0.000127408	0.000162317
34.2369	0.000127296	0.000162167
34.2613	0.000127185	0.000162054
34.2857	0.000127073	0.000161686
34.3101	0.000126962	0.000160979
34.3346	0.000126852	0.000160415
34.359	0.000126741	0.000159555
34.3834	0.00012663	0.00015875
34.4078	0.00012652	0.000158069
34.4322	0.00012641	0.000157795
34.4567	0.0001263	0.00015695
34.4811	0.00012619	0.000156547
34.5055	0.00012608	0.000156347
34.5299	0.000125971	0.000156288
34.5543	0.000125862	0.000156014
34.5788	0.000125753	0.000155747
34.6032	0.000125644	0.000155702
34.6276	0.000125535	0.00015539
34.652	0.000125426	0.000154631
34.6764	0.000125318	0.000154362
34.7009	0.00012521	0.000153069
34.7253	0.000125101	0.000152162
34.7497	0.000124994	0.000151465
34.7741	0.000124886	0.000150814
34.7985	0.000124778	0.000150556
34.823	0.000124671	0.000149685
34.8474	0.000124564	0.000149248
34.8718	0.000124456	0.000148904
34.8962	0.00012435	0.000148532
34.9206	0.000124243	0.000148275
34.9451	0.000124136	0.000147798
34.9695	0.00012403	0.000147779
34.9939	0.000123924	0.00014753
35.0183	0.000123817	0.000146718
35.0427	0.000123712	0.000145507
35.0672	0.000123606	0.00014526
35.0916	0.0001235	0.000144723
35.116	0.000123395	0.000144468
35.1404	0.000123289	0.000144107
35.1648	0.000123184	0.000143504
35.1893	0.000123079	0.000143257
35.2137	0.000122975	0.000143174
35.2381	0.00012287	0.000143143
35.2625	0.000122766	0.000142857
35.2869	0.000122661	0.000142277
35.3114	0.000122557	0.000142034
35.3358	0.000122453	0.000141939
35.3602	0.000122349	0.000141927
35.3846	0.000122246	0.000141651
35.409	0.000122142	0.000140852
35.4335	0.000122039	0.000140615
35.4579	0.000121936	0.000139943
35.4823	0.000121833	0.000139205
35.5067	0.00012173	0.000138451
35.5311	0.000121627	0.000137562
35.5556	0.000121525	0.000137328
35.58	0.000121422	0.000136823
35.6044	0.00012132	0.000136453
35.6288	0.000121218	0.000136264
35.6532	0.000121116	0.000135809
35.6777	0.000121014	0.000135785
35.7021	0.000120913	0.000135755
35.7265	0.000120811	0.000135645
35.7509	0.00012071	0.000135561
35.7753	0.000120609	0.000135105
35.7998	0.000120508	0.000135015
35.8242	0.000120407	0.00013463
35.8486	0.000120306	0.000133887
35.873	0.000120206	0.000133193
35.8974	0.000120105	0.000132972
35.9219	0.000120005	0.000132457
35.9463	0.000119905	0.00013239
35.9707	0.000119805	0.000132069
35.9951	0.000119705	0.000131309
36.0195	0.000119606	0.000131091
36.044	0.000119506	0.000129876
36.0684	0.000119407	0.000128904
36.0928	0.000119308	0.000128097
36.1172	0.000119209	0.000127484
36.1416	0.00011911	0.00012727
36.1661	0.000119011	0.000126652
36.1905	0.000118912	0.000126427
36.2149	0.000118814	0.000126349
36.2393	0.000118716	0.00012635
36.2637	0.000118618	0.000126141
36.2882	0.00011852	0.000125907
36.3126	0.000118422	0.00012577
36.337	0.000118324	0.000125475
36.3614	0.000118226	0.000125052
36.3858	0.000118129	0.000124847
36.4103	0.000118032	0.000124184
36.4347	0.000117935	0.000123811
36.4591	0.000117838	0.000123617
36.4835	0.000117741	0.000123583
36.5079	0.000117644	0.000123378
36.5324	0.000117548	0.000123154
36.5568	0	0.000122924
36.5812	0	0.000122415
36.6056	0	0.00012179
36.63	0	0.000121591
36.6545	0	0.000120931
36.6789	0	0.000120775
36.7033	0	0.000120773
36.7277	0	0.000120648
36.7521	0	0.000120453
36.7766	0	0.000119848
36.801	0	0.000119206
36.8254	0	0.000118498
36.8498	0	0.000117893
36.8742	0	0.000117699
36.8987	0	0.000117108
36.9231	0	0.000116844
36.9475	0	0.000116565
36.9719	0	0.000116222
36.9963	0	0.000116033
37.0208	0	0.000115585
37.0452	0	0.000115529
37.0696	0	0.000115489
37.094	0	0.000115128
37.1184	0	0.000114148
37.1429	0	0.000113962
37.1673	0	0.000112973
37.1917	0	0.000112135
37.2161	0	0.000111609
37.2405	0	0.000111183
37.265	0	0.000111005
37.2894	0	0.000110913
37.3138	0	0.000110883
37.3382	0	0.000110856
37.3626	0	0.000110632
37.3871	0	0.000110456
37.4115	0	0.000110413
37.4359	0	0.000110381
37.4603	0	0.000110328
37.4847	0	0.000109996
37.5092	0	0.000109818
37.5336	0	0.000109543
37.558	0	0.000109245
37.5824	0	0.000109011
37.6068	0	0.00010865
37.6313	0	0.000108477
37.6557	0	0.000108277
37.6801	0	0.000108109
37.7045	0	0.000108034
37.7289	0	0.000107814
37.7534	0	0.000107645
37.7778	0	0.000107486
37.8022	0	0.000107183
37.8266	0	0.00010689
37.851	0	0.000106588
37.8755	0	0.000106418
37.8999	0	0.000106409
37.9243	0	0.000106353
37.9487	0	0.000106173
37.9731	0	0.000105807
37.9976	0	0.00010564
38.022	0	0.000105512
38.0464	0	0.000105398
38.0708	0	0.00010517
38.0952	0	0.000104633
38.1197	0	0.000104471
38.1441	0	0.000104006
38.1685	0	0.000103435
38.1929	0	0.000102715
38.2173	0	0.000102395
38.2418	0	0.000101555
38.2662	0	0.000100727
38.2906	0	0.000100044
38.315	0	9.95451e-05
38.3394	0	9.92375e-05
38.3639	0	9.88582e-05
38.3883	0	9.85121e-05
38.4127	0	9.82124e-05
38.4371	0	9.79823e-05
38.4615	0	9.76761e-05
38.486	0	9.74188e-05
38.5104	0	9.70028e-05
38.5348	0	9.65151e-05
38.5592	0	9.61842e-05
38.5836	0	9.58864e-05
38.6081	0	9.57369e-05
38.6325	0	9.55712e-05
38.6569	0	9.5271e-05
38.6813	0	9.4933e-05
38.7057	0	9.46431e-05
38.7302	0	9.43626e-05
38.7546	0	9.41298e-05
38.779	0	9.39683e-05
38.8034	0	9.3921e-05
38.8278	0	9.3631e-05
38.8523	0	9.3631e-05
38.8767	0	9.3547e-05
38.9011	0	9.33981e-05
38.9255	0	9.33033e-05
38.9499	0	9.30167e-05
38.9744	0	9.29586e-05
38.9988	0	9.27894e-05
39.0232	0	9.24263e-05
39.0476	0	9.19365e-05
39.072	0	9.12422e-05
39.0965	0	9.11012e-05
39.1209	0	9.04342e-05
39.1453	0	8.96404e-05
39.1697	0	8.88328e-05
39.1941	0	8.80327e-05
39.2186	0	8.79006e-05
39.243	0	8.73929e-05
39.2674	0	8.69393e-05
39.2918	0	8.6493e-05
39.3162	0	8.59281e-05
39.3407	0	8.57985e-05
39.3651	0	8.52868e-05
39.3895	0	8.4514e-05
39.4139	0	8.352e-05
39.4383	0	8.32706e-05
39.4628	0	8.23897e-05
39.4872	0	8.19006e-05
39.5116	0	8.17425e-05
39.536	0	8.16794e-05
39.5604	0	8.14336e-05
39.5849	0	8.13641e-05
39.6093	0	8.1279e-05
39.6337	0	8.1105e-05
39.6581	0	8.07239e-05
39.6825	0	8.04801e-05
39.707	0	7.98858e-05
39.7314	0	7.91929e-05
39.7558	0	7.85139e-05
39.7802	0	7.79302e-05
39.8046	0	7.77e-05
39.8291	0	7.72749e-05
39.8535	0	7.70396e-05
39.8779	0	7.69522e-05
39.9023	0	7.69291e-05
39.9267	0	7.67007e-05
39.9512	0	7.66906e-05
39.9756	0	7.66654e-05
40	0	7.66065e-05
40.0244	0	7.64976e-05
40.0488	0	7.62686e-05
40.0733	0	7.61436e-05
40.0977	0	7.60727e-05
40.1221	0	7.60492e-05
40.1465	0	7.59581e-05
40.1709	0	7.57356e-05
40.1954	0	7.54684e-05
40.2198	0	7.50569e-05
40.2442	0	7.45776e-05
40.2686	0	7.40268e-05
40.293	0	7.38099e-05
40.3175	0	7.31912e-05
40.3419	0	7.26297e-05
40.3663	0	7.22949e-05
40.3907	0	7.21808e-05
40.4151	0	7.19668e-05
40.4396	0	7.19358e-05
40.464	0	7.19148e-05
40.4884	0	7.19095e-05
40.5128	0	7.18944e-05
40.5372	0	7.16855e-05
40.5617	0	7.16092e-05
40.5861	0	7.15045e-05
40.6105	0	7.14281e-05
40.6349	0	7.13879e-05
40.6593	0	7.11814e-05
40.6838	0	7.11732e-05
40.7082	0	7.11666e-05
40.7326	0	7.10357e-05
40.757	0	7.06219e-05
40.7814	0	7.04145e-05
40.8059	0	6.97755e-05
40.8303	0	6.91696e-05
40.8547	0	6.87477e-05
40.8791	0	6.84172e-05
40.9035	0	6.83199e-05
40.928	0	6.78713e-05
40.9524	0	6.75586e-05
40.9768	0	6.72804e-05
41.0012	0	6.68075e-05
41.0256	0	6.58353e-05
41.0501	0	6.57398e-05
41.0745	0	6.46119e-05
41.0989	0	6.3663e-05
41.1233	0	6.30899e-05
41.1477	0	6.25938e-05
41.1722	0	6.2506e-05
41.1966	0	6.20622e-05
41.221	0	6.16817e-05
41.2454	0	6.1514e-05
41.2698	0	6.13382e-05
41.2943	0	6.12346e-05
41.3187	0	6.10274e-05
41.3431	0	6.08511e-05
41.3675	0	6.08358e-05
41.3919	0	6.06649e-05
41.4164	0	6.05065e-05
41.4408	0	5.98277e-05
41.4652	0	5.88248e-05
41.4896	0	5.80624e-05
41.514	0	5.78961e-05
41.5385	0	5.75987e-05
41.5629	0	5.75175e-05
41.5873	0	5.74108e-05
41.6117	0	5.72046e-05
41.6361	0	5.70424e-05
41.6606	0	5.66384e-05
41.685	0	5.59686e-05
41.7094	0	5.52627e-05
41.7338	0	5.47336e-05
41.7582	0	5.47336e-05
41.7827	0	5.45171e-05
41.8071	0	5.45221e-05
41.8315	0	5.45953e-05
41.8559	0	5.46625e-05
41.8803	0	5.46625e-05
41.9048	0	5.47252e-05
41.9292	0	5.47756e-05
41.9536	0	5.4774e-05
41.978	0	5.47407e-05
42.0024	0	5.47407e-05
42.0269	0	5.47702e-05
42.0513	0	5.48494e-05
42.0757	0	5.47895e-05
42.1001	0	5.4496e-05
42.1245	0	5.4496e-05
42.149	0	5.41644e-05
42.1734	0	5.40365e-05
42.1978	0	5.40953e-05
42.2222	0	5.41511e-05
42.2466	0	5.41511e-05
42.2711	0	5.40892e-05
42.2955	0	5.39145e-05
42.3199	0	5.36759e-05
42.3443	0	5.34187e-05
42.3687	0	5.34187e-05
42.3932	0	5.31334e-05
42.4176	0	5.27811e-05
42.442	0	5.24331e-05
42.4664	0	5.22594e-05
42.4908	0	5.22594e-05
42.5153	0	5.2293e-05
42.5397	0	5.23438e-05
42.5641	0	5.21957e-05
42.5885	0	5.17623e-05
42.6129	0	5.17623e-05
42.6374	0	5.10952e-05
42.6618	0	5.03939e-05
42.6862	0	4.98925e-05
42.7106	0	4.96053e-05
42.735	0	4.96053e-05
42.7595	0	4.93766e-05
42.7839	0	4.92238e-05
42.8083	0	4.9262e-05
42.8327	0	4.92625e-05
42.8571	0	4.92625e-05
42.8816	0	4.8823e-05
42.906	0	4.80578e-05
42.9304	0	4.75028e-05
42.9548	0	4.72304e-05
42.9792	0	4.72304e-05
43.0037	0	4.67155e-05
43.0281	0	4.57126e-05
43.0525	0	4.4614e-05
43.0769	0	4.379e-05
43.1013	0	4.31753e-05
43.1258	0	4.31753e-05
43.1502	0	4.2651e-05
43.1746	0	4.22956e-05
43.199	0	4.21003e-05
43.2234	0	4.18451e-05
43.2479	0	4.18451e-05
43.2723	0	4.13764e-05
43.2967	0	4.07477e-05
43.3211	0	4.00776e-05
43.3455	0	3.94786e-05
43.37	0	3.94786e-05
43.3944	0	3.90673e-05
43.4188	0	3.88731e-05
43.4432	0	3.88057e-05
43.4676	0	3.87965e-05
43.4921	0	3.87965e-05
43.5165	0	3.8829e-05
43.5409	0	3.87723e-05
43.5653	0	3.84095e-05
43.5897	0	3.77559e-05
43.6142	0	3.77559e-05
43.6386	0	3.71451e-05
43.663	0	3.68406e-05
43.6874	0	3.66914e-05
43.7118	0	3.6297e-05
43.7363	0	3.6297e-05
43.7607	0	3.54255e-05
43.7851	0	3.42043e-05
43.8095	0	3.30018e-05
43.8339	0	3.30018e-05
43.8584	0	3.21577e-05
43.8828	0	3.17424e-05
43.9072	0	3.15722e-05
43.9316	0	3.14736e-05
43.956	0	3.14736e-05
43.9805	0	3.13829e-05
44.0049	0	3.11335e-05
44.0293	0	3.04604e-05
44.0537	0	2.94112e-05
44.0781	0	2.94112e-05
44.1026	0	2.84097e-05
44.127	0	2.76564e-05
44.1514	0	2.68524e-05
44.1758	0	2.58017e-05
44.2002	0	2.58017e-05
44.2247	0	2.4845e-05
44.2491	0	2.43485e-05
44.2735	0	2.41934e-05
44.2979	0	2.40867e-05
44.3223	0	2.40867e-05
44.3468	0	2.3942e-05
44.3712	0	2.37047e-05
44.3956	0	2.32774e-05
44.42	0	2.28212e-05
44.4444	0	2.28212e-05
44.4689	0	2.26455e-05
44.4933	0	2.26698e-05
44.5177	0	2.24838e-05
44.5421	0	2.19851e-05
44.5665	0	2.19851e-05
44.591	0	2.14559e-05
44.6154	0	2.10432e-05
44.6398	0	2.06799e-05
44.6642	0	2.04305e-05
44.6886	0	2.04305e-05
44.7131	0	2.03863e-05
44.7375	0	2.03308e-05
44.7619	0	2.00173e-05
44.7863	0	1.96455e-05
44.8107	0	1.96455e-05
44.8352	0	1.95499e-05
44.8596	0	1.9567e-05
44.884	0	1.92728e-05
44.9084	0	1.87535e-05
44.9328	0	1.87535e-05
44.9573	0	1.85091e-05
44.9817	0	1.85352e-05
45.0061	0	1.81494e-05
45.0305	0	1.69941e-05
45.0549	0	1.56464e-05
45.0794	0	1.56464e-05
45.1038	0	1.48356e-05
45.1282	0	1.45346e-05
45.1526	0	1.42917e-05
45.177	0	1.39947e-05
45.2015	0	1.39947e-05
45.2259	0	1.3712e-05
45.2503	0	1.31647e-05
45.2747	0	1.2037e-05
45.2991	0	1.05895e-05
45.3236	0	1.05895e-05
45.348	0	9.39898e-06
45.3724	0	8.67851e-06
45.3968	0	8.27069e-06
45.4212	0	8.02114e-06
45.4457	0	8.02114e-06
45.4701	0	7.76596e-06
45.4945	0	7.25263e-06
45.5189	0	6.41401e-06
45.5433	0	5.46824e-06
45.5678	0	5.46824e-06
45.5922	0	4.5816e-06
45.6166	0	3.74788e-06
45.641	0	3.05861e-06
45.6654	0	2.70039e-06
45.6899	0	2.70039e-06
45.7143	0	2.63336e-06
45.7387	0	2.61912e-06
45.7631	0	2.56216e-06
45.7875	0	2.53395e-06
45.812	0	2.53395e-06
45.8364	0	2.53832e-06
45.8608	0	2.5156e-06
45.8852	0	2.4838e-06
45.9096	0	2.48142e-06
45.9341	0	2.48142e-06
45.9585	0	2.47792e-06
45.9829	0	2.45284e-06
46.0073	0	2.4397e-06
46.0317	0	2.44238e-06
46.0562	0	2.44238e-06
46.0806	0	2.42987e-06
46.105	0	2.41095e-06
46.1294	0	2.40955e-06
46.1538	0	2.40804e-06
46.1783	0	2.40804e-06
46.2027	0	2.3917e-06
46.2271	0	2.38241e-06
46.2515	0	2.3848e-06
46.2759	0	2.3848e-06
46.3004	0	2.37675e-06
46.3248	0	2.36278e-06
46.3492	0	2.36161e-06
46.3736	0	2.36147e-06
46.398	0	2.36147e-06
46.4225	0	2.34946e-06
46.4469	0	2.34178e-06
46.4713	0	2.34409e-06
46.4957	0	2.33876e-06
46.5201	0	2.33876e-06
46.5446	0	2.32741e-06
46.569	0	2.32617e-06
46.5934	0	2.32703e-06
46.6178	0	2.31773e-06
46.6422	0	2.31773e-06
46.6667	0	2.3108e-06
46.6911	0	2.31302e-06
46.7155	0	2.30962e-06
46.7399	0	2.29992e-06
46.7643	0	2.29992e-06
46.7888	0	2.29843e-06
46.8132	0	2.30002e-06
46.8376	0	2.29269e-06
46.862	0	2.28613e-06
46.8864	0	2.28613e-06
46.9109	0	2.28817e-06
46.9353	0	2.28626e-06
46.9597	0	2.27775e-06
46.9841	0	2.27588e-06
47.0085	0	2.27588e-06
47.033	0	2.27801e-06
47.0574	0	2.27226e-06
47.0818	0	2.26588e-06
47.1062	0	2.26762e-06
47.1306	0	2.26762e-06
47.1551	0	2.26693e-06
47.1795	0	2.25939e-06
47.2039	0	2.25707e-06
47.2283	0	2.25955e-06
47.2527	0	2.25955e-06
47.2772	0	2.25516e-06
47.3016	0	2.24887e-06
47.326	0	2.25021e-06
47.3504	0	2.25054e-06
47.3748	0	2.25054e-06
47.3993	0	2.24388e-06
47.4237	0	2.24105e-06
47.4481	0	2.24372e-06
47.4725	0	2.24056e-06
47.4969	0	2.24056e-06
47.5214	0	2.23436e-06
47.5458	0	2.23519e-06
47.5702	0	2.23637e-06
47.5946	0	2.23055e-06
47.619	0	2.23055e-06
47.6435	0	2.22721e-06
47.6679	0	2.2299e-06
47.6923	0	2.22787e-06
47.7167	0	2.2218e-06
47.7411	0	2.2218e-06
47.7656	0	2.22204e-06
47.79	0	2.2239e-06
47.8144	0	2.21895e-06
47.8388	0	2.21511e-06
47.8632	0	2.21511e-06
47.8877	0	2.21766e-06
47.9121	0	2.21668e-06
47.9365	0	2.21081e-06
47.9609	0	2.21039e-06
47.9853	0	2.21039e-06
48.0098	0	2.21277e-06
48.0342	0	2.20871e-06
48.0586	0	2.20443e-06
48.083	0	2.20668e-06
48.1074	0	2.20668e-06
48.1319	0	2.20668e-06
48.1563	0	2.20111e-06
48.1807	0	2.19999e-06
48.2051	0	2.20272e-06
48.2295	0	2.19959e-06
48.254	0	2.19959e-06
48.2784	0	2.19494e-06
48.3028	0	2.19675e-06
48.3272	0	2.19763e-06
48.3516	0	2.19248e-06
48.3761	0	2.19248e-06
48.4005	0	2.19063e-06
48.4249	0	2.19354e-06
48.4493	0	2.19137e-06
48.4737	0	2.18646e-06
48.4982	0	2.18646e-06
48.5226	0	2.18771e-06
48.547	0	2.18934e-06
48.5714	0	2.18473e-06
48.5958	0	2.18218e-06
48.6203	0	2.18218e-06
48.6447	0	2.18509e-06
48.6691	0	2.18387e-06
48.6935	0	2.17884e-06
48.7179	0	2.17942e-06
48.7424	0	2.17942e-06
48.7668	0	2.18168e-06
48.7912	0	2.17773e-06
48.8156	0	2.17452e-06
48.84	0	2.17452e-06
48.8645	0	2.17725e-06
48.8889	0	2.17698e-06
48.9133	0	2.17197e-06
48.9377	0	2.1718e-06
48.9621	0	2.1718e-06
48.9866	0	2.17453e-06
49.011	0	2.17134e-06
49.0354	0	2.16756e-06
49.0598	0	2.16994e-06
49.0842	0	2.16994e-06
49.1087	0	2.17057e-06
49.1331	0	2.16574e-06
49.1575	0	2.16478e-06
49.1819	0	2.16781e-06
49.2063	0	2.16781e-06
49.2308	0	2.16547e-06
49.2552	0	2.16123e-06
49.2796	0	2.1631e-06
49.304	0	2.16454e-06
49.3284	0	2.16454e-06
49.3529	0	2.16008e-06
49.3773	0	2.15831e-06
49.4017	0	2.16145e-06
49.4261	0	2.16002e-06
49.4505	0	2.16002e-06
49.475	0	2.15547e-06
49.4994	0	2.15669e-06
49.5238	0	2.15884e-06
49.5482	0	2.15488e-06
49.5726	0	2.15488e-06
49.5971	0	2.15235e-06
49.6215	0	2.1554e-06
49.6459	0	2.15491e-06
49.6703	0	2.15021e-06
49.6947	0	2.15021e-06
49.7192	0	2.15068e-06
49.7436	0	2.1534e-06
49.768	0	2.1501e-06
49.7924	0	2.14687e-06
49.8168	0	2.14687e-06
49.8413	0	2.14965e-06
49.8657	0	2.15007e-06
49.8901	0	2.14541e-06
49.9145	0	2.14505e-06
49.9389	0	2.14505e-06
49.9634	0	2.14816e-06
49.9878	0	2.14565e-06
50.0122	1.5095e-231	2.14183e-06
