0	-0.00492629
0.01	0.125978
0.02	0.120789
0.03	0.1359
0.04	0.194926
0.05	0.225536
0.06	0.263711
0.07	0.306719
0.08	0.320804
0.09	0.345193
0.1	0.350602
0.11	0.364692
0.12	0.413477
0.13	0.419333
0.14	0.428887
0.15	0.444114
0.16	0.410306
0.17	0.416904
0.18	0.433058
0.19	0.394358
0.2	0.379181
0.21	0.324777
0.22	0.18941
0.23	0.0910919
0.24	0.0304822
0.25	-0.0145897
0.26	-0.0122244
0.27	-0.025057
0.28	-0.0718202
0.29	-0.113233
0.3	-0.168014
0.31	-0.202616
0.32	-0.164983
0.33	-0.0895176
0.34	-0.00418934
0.35	0.0617548
0.36	0.0881389
0.37	0.104828
0.38	0.114223
0.39	0.150125
0.4	0.242596
0.41	0.299503
0.42	0.309934
0.43	0.31022
0.44	0.242586
0.45	0.155576
0.46	0.115022
0.47	0.0804031
0.48	0.0680304
0.49	0.0560115
0.5	0.0186093
0.51	0.024671
0.52	0.049604
0.53	0.0609342
0.54	0.100767
0.55	0.137037
0.56	0.157824
0.57	0.17105
0.58	0.156487
0.59	0.155654
0.6	0.172566
0.61	0.179456
0.62	0.196448
0.63	0.167999
0.64	0.0653994
0.65	-0.0373744
0.66	-0.120752
0.67	-0.169486
0.68	-0.149785
0.69	-0.106223
0.7	-0.0724492
0.71	-0.0589675
0.72	-0.0794358
0.73	-0.0994068
0.74	-0.10782
0.75	-0.132537
0.76	-0.166155
0.77	-0.183243
0.78	-0.157607
0.79	-0.129757
0.8	-0.130989
0.81	-0.077051
0.82	-0.00386606
0.83	-0.0226078
0.84	-0.0604694
0.85	-0.106372
0.86	-0.212073
0.87	-0.303629
0.88	-0.382956
0.89	-0.421713
0.9	-0.329633
0.91	-0.234473
0.92	-0.199904
0.93	-0.156062
0.94	-0.15809
0.95	-0.180217
0.96	-0.176675
0.97	-0.209136
0.98	-0.213483
0.99	-0.170283
1	-0.141967
1.01	-0.0932196
1.02	-0.0722001
1.03	-0.10359
1.04	-0.124135
1.05	-0.21489
1.06	-0.351236
1.07	-0.41355
1.08	-0.454586
1.09	-0.454459
1.1	-0.393964
1.11	-0.389065
1.12	-0.388256
1.13	-0.361723
1.14	-0.397459
1.15	-0.415431
1.16	-0.368388
1.17	-0.298012
1.18	-0.177563
1.19	-0.0811477
1.2	-0.0598912
1.21	-0.0555255
1.22	-0.0693051
1.23	-0.051899
1.24	0.0346099
1.25	0.114887
1.26	0.166255
1.27	0.150061
1.28	0.0734034
1.29	0.0578334
1.3	0.0896142
1.31	0.123099
1.32	0.175628
1.33	0.164673
1.34	0.0838927
1.35	0.0128399
1.36	-0.0499539
1.37	-0.0964867
1.38	-0.104805
1.39	-0.0689354
1.4	-0.0187933
1.41	-0.0215257
1.42	-0.0456499
1.43	-0.0906549
1.44	-0.17775
1.45	-0.194911
1.46	-0.168067
1.47	-0.143877
1.48	-0.0364314
1.49	-0.0186473
1.5	-0.157018
1.51	-0.216392
1.52	-0.24758
1.53	-0.286646
1.54	-0.228623
1.55	-0.253902
1.56	-0.335383
1.57	-0.290962
1.58	-0.250616
1.59	-0.181196
1.6	-0.015992
1.61	0.0705523
1.62	0.118936
1.63	0.128029
1.64	-0.0294108
1.65	-0.195312
1.66	-0.25576
1.67	-0.255035
1.68	-0.229124
1.69	-0.251268
1.7	-0.207829
1.71	-0.0801744
1.72	-0.0579573
1.73	0.016758
1.74	0.205939
1.75	0.217569
1.76	0.118304
1.77	0.0318718
1.78	-0.145322
1.79	-0.258067
1.8	-0.200981
1.81	-0.168928
1.82	-0.187645
1.83	-0.147729
1.84	-0.100195
1.85	-0.100641
1.86	-0.0455621
1.87	0.0649665
1.88	0.111459
1.89	0.179118
1.9	0.270551
1.91	0.213736
1.92	0.160545
1.93	0.210765
1.94	0.197656
1.95	0.207007
1.96	0.223028
1.97	0.0483766
1.98	-0.127805
1.99	-0.155046
2	-0.122471
2.01	-0.0402101
2.02	-0.0194765
2.03	-0.0683117
2.04	-0.0382162
2.05	-0.0148546
2.06	0.000465723
2.07	0.0918235
2.08	0.173695
2.09	0.304715
2.1	0.441721
2.11	0.399452
2.12	0.340118
2.13	0.304655
2.14	0.147326
2.15	0.0310368
2.16	-0.0533513
2.17	-0.271372
2.18	-0.443431
2.19	-0.520326
2.2	-0.655767
2.21	-0.73585
2.22	-0.642826
2.23	-0.536592
2.24	-0.546563
2.25	-0.606409
2.26	-0.712496
2.27	-0.883991
2.28	-0.944942
2.29	-0.927373
2.3	-0.943266
2.31	-0.682559
2.32	-0.211777
2.33	-0.0476333
2.34	-0.0571102
2.35	-0.00317812
2.36	-0.0291462
2.37	0.00713331
2.38	0.103688
2.39	0.0170486
2.4	-0.0946379
2.41	-0.169648
2.42	-0.303033
2.43	-0.382875
2.44	-0.445056
2.45	-0.407683
2.46	-0.137006
2.47	0.0101342
2.48	-0.0560543
2.49	-0.0218134
2.5	0.132156
2.51	0.416212
2.52	0.771563
2.53	0.964404
2.54	1.05782
2.55	1.04674
2.56	0.887122
2.57	0.842442
2.58	0.852347
2.59	0.784157
2.6	0.84356
2.61	0.850168
2.62	0.611297
2.63	0.456318
2.64	0.522828
2.65	0.669288
2.66	0.77116
2.67	0.689649
2.68	0.505951
2.69	0.384863
2.7	0.306739
2.71	0.243415
2.72	0.229012
2.73	0.300715
2.74	0.433628
2.75	0.567606
2.76	0.658011
2.77	0.541204
2.78	0.271289
2.79	0.214828
2.8	0.300301
2.81	0.202604
2.82	4.71297e-05
2.83	-0.202869
2.84	-0.428673
2.85	-0.568407
2.86	-0.546207
2.87	-0.48661
2.88	-0.529443
2.89	-0.565347
2.9	-0.624717
2.91	-0.991242
2.92	-1.30648
2.93	-1.13785
2.94	-0.900602
2.95	-0.756585
2.96	-0.560093
2.97	-0.57159
2.98	-0.704171
2.99	-0.7752
3	-0.877467
3.01	-0.82606
3.02	-0.786642
3.03	-1.00411
3.04	-1.00192
3.05	-0.773272
3.06	-0.76451
3.07	-0.81762
3.08	-0.709307
3.09	-0.5044
3.1	-0.456205
3.11	-0.69959
3.12	-0.791557
3.13	-0.545853
3.14	-0.196209
3.15	0.265742
3.16	0.59357
3.17	0.654001
3.18	0.738946
3.19	0.656926
3.2	0.484726
3.21	0.705926
3.22	0.871498
3.23	0.639815
3.24	0.592584
3.25	0.819616
3.26	0.882424
3.27	0.806154
3.28	0.813795
3.29	0.712262
3.3	0.445194
3.31	0.428465
3.32	0.397026
3.33	-0.0619105
3.34	-0.132266
3.35	0.464832
3.36	0.91883
3.37	1.2624
3.38	1.65047
3.39	1.6186
3.4	1.26987
3.41	0.985123
3.42	0.835039
3.43	0.764707
3.44	0.694167
3.45	0.671138
3.46	0.628874
3.47	0.597449
3.48	0.640829
3.49	0.278284
3.5	-0.148142
3.51	0.209396
3.52	0.582375
3.53	0.47351
3.54	0.506455
3.55	0.367241
3.56	0.12294
3.57	0.431576
3.58	0.717729
3.59	0.717062
3.6	0.709502
3.61	0.348201
3.62	-0.121682
3.63	-0.353266
3.64	-0.589152
3.65	-0.586481
3.66	-0.357194
3.67	-0.27816
3.68	-0.229348
3.69	-0.326657
3.7	-0.541577
3.71	-0.527838
3.72	-0.642523
3.73	-0.938916
3.74	-0.862993
3.75	-0.516242
3.76	-0.19088
3.77	-0.00761372
3.78	-0.106413
3.79	-0.171522
3.8	0.0612001
3.81	0.231437
3.82	-0.00127752
3.83	-0.454925
3.84	-0.720186
3.85	-0.769594
3.86	-0.640078
3.87	-0.13677
3.88	0.434301
3.89	0.837817
3.9	1.34254
3.91	1.49497
3.92	0.985372
3.93	0.527964
3.94	0.197618
3.95	-0.256762
3.96	-0.399202
3.97	-0.184732
3.98	0.264204
3.99	1.04057
4	1.56262
4.01	1.38535
4.02	0.935997
4.03	0.491311
4.04	-0.0102655
4.05	-0.441852
4.06	-0.521331
4.07	-0.310704
4.08	-0.363152
4.09	-0.774368
4.1	-1.0722
4.11	-1.24804
4.12	-1.35267
4.13	-1.04848
4.14	-0.505763
4.15	-0.239589
4.16	-0.145157
4.17	0.106403
4.18	0.303384
4.19	0.217194
4.2	0.0688724
4.21	-0.182659
4.22	-0.633175
4.23	-0.883831
4.24	-0.999849
4.25	-1.23882
4.26	-1.13646
4.27	-0.584355
4.28	0.0834943
4.29	0.675697
4.3	0.790483
4.31	0.589742
4.32	0.38266
4.33	-0.204148
4.34	-0.549359
4.35	-0.0650641
4.36	0.165615
4.37	-0.109606
4.38	-0.333915
4.39	-0.654216
4.4	-0.632647
4.41	-0.196403
4.42	-0.25351
4.43	-0.617345
4.44	-0.704237
4.45	-0.621913
4.46	-0.601843
4.47	-0.919581
4.48	-1.1049
4.49	-0.625994
4.5	-0.313478
4.51	-0.762187
4.52	-1.4374
4.53	-1.64342
4.54	-1.22074
4.55	-0.97085
4.56	-1.16363
4.57	-1.05098
4.58	-0.553578
4.59	0.205696
4.6	0.962119
4.61	1.00566
4.62	0.884205
4.63	1.16321
4.64	1.27015
4.65	1.43734
4.66	1.78205
4.67	1.60447
4.68	1.02901
4.69	0.40199
4.7	-0.169254
4.71	-0.557987
4.72	-0.701058
4.73	-0.241703
4.74	0.373087
4.75	0.534311
4.76	0.880844
4.77	1.05947
4.78	0.597765
4.79	0.560925
4.8	0.628416
4.81	0.236964
4.82	0.217192
4.83	0.299314
4.84	0.447953
4.85	1.01526
4.86	0.895255
4.87	0.332167
4.88	0.313665
4.89	0.351298
4.9	0.768468
4.91	1.60033
4.92	1.87028
4.93	2.13279
4.94	2.43544
4.95	1.731
4.96	0.597392
4.97	-0.174385
4.98	-0.535682
4.99	-0.395473
5	-0.454338
5.01	-1.14375
5.02	-1.50614
5.03	-1.02635
5.04	-0.358203
5.05	0.0802759
5.06	0.590782
5.07	1.09484
5.08	1.11054
5.09	0.943365
5.1	1.14229
5.11	1.49843
5.12	1.64585
5.13	1.63997
5.14	1.57967
5.15	1.19794
5.16	0.589694
5.17	0.273123
5.18	0.0479846
5.19	0.00931275
5.2	0.766369
5.21	1.40563
5.22	0.946507
5.23	-0.081677
5.24	-1.19415
5.25	-2.04605
5.26	-2.4439
5.27	-2.53303
5.28	-2.171
5.29	-1.89941
5.3	-1.97323
5.31	-1.60796
5.32	-1.4186
5.33	-1.43339
5.34	-0.121938
5.35	1.38161
5.36	1.72309
5.37	2.08287
5.38	2.14212
5.39	1.24598
5.4	0.885436
5.41	1.39329
5.42	1.82168
5.43	1.91137
5.44	1.4636
5.45	0.789878
5.46	0.6764
5.47	0.975932
5.48	1.20865
5.49	1.40325
5.5	1.66886
5.51	2.06378
5.52	2.33445
5.53	2.02278
5.54	1.48929
5.55	1.15404
5.56	0.745792
5.57	0.711536
5.58	1.12456
5.59	1.12226
5.6	1.4761
5.61	2.06614
5.62	1.05838
5.63	-0.0166513
5.64	0.124962
5.65	-0.617396
5.66	-1.52611
5.67	-1.14793
5.68	-0.789401
5.69	-0.209387
5.7	0.43728
5.71	-0.419188
5.72	-1.63691
5.73	-2.00597
5.74	-1.75495
5.75	-0.955266
5.76	-0.423348
5.77	-0.201531
5.78	-0.274905
5.79	-1.34908
5.8	-1.6891
5.81	-0.799331
5.82	-0.879525
5.83	-0.855551
5.84	0.605095
5.85	1.5239
5.86	1.32567
5.87	1.12608
5.88	1.09183
5.89	0.8664
5.9	0.643482
5.91	0.980251
5.92	1.30467
5.93	1.25268
5.94	1.23734
5.95	0.411949
5.96	-0.701466
5.97	-0.661549
5.98	-0.775026
5.99	-1.22207
6	-0.889532
6.01	-0.981083
6.02	-1.55387
6.03	-1.44326
6.04	-1.05211
6.05	-0.838351
6.06	-0.960273
6.07	-1.10147
6.08	-1.34344
6.09	-2.43401
6.1	-2.72283
6.11	-1.62135
6.12	-1.44601
6.13	-1.65953
6.14	-1.2968
6.15	-1.38278
6.16	-1.24385
6.17	-0.659353
6.18	-0.137853
6.19	0.491678
6.2	0.313733
6.21	-0.063654
6.22	0.132031
6.23	-0.622906
6.24	-1.4673
6.25	-1.37434
6.26	-1.48822
6.27	-1.18259
6.28	-0.487623
6.29	-0.0958439
6.3	0.627652
6.31	0.578983
6.32	0.093637
6.33	1.19666
6.34	2.43632
6.35	2.56587
6.36	2.06965
6.37	1.00656
6.38	0.44342
6.39	0.337566
6.4	0.0943342
6.41	0.544312
6.42	1.06121
6.43	1.29212
6.44	1.55008
6.45	0.822094
6.46	-0.00308461
6.47	-0.263307
6.48	-0.982413
6.49	-0.887394
6.5	0.266487
6.51	0.942538
6.52	1.16348
6.53	0.56342
6.54	-0.278263
6.55	-0.0941048
6.56	0.429804
6.57	1.53177
6.58	2.71349
6.59	2.49324
6.6	2.33253
6.61	2.02292
6.62	0.254764
6.63	-0.744463
6.64	-0.657649
6.65	-1.19747
6.66	-1.89548
6.67	-1.98049
6.68	-1.15206
6.69	-0.376231
6.7	-0.388059
6.71	-0.0682753
6.72	-0.295987
6.73	-1.1862
6.74	-0.722008
6.75	-0.340856
6.76	-0.616598
6.77	-0.177504
6.78	-0.539242
6.79	-1.09883
6.8	-0.368103
6.81	0.0285101
6.82	0.609873
6.83	1.76755
6.84	1.65779
6.85	0.979018
6.86	0.872168
6.87	1.10122
6.88	1.04702
6.89	0.330283
6.9	0.45279
6.91	0.791784
6.92	-0.594418
6.93	-1.6579
6.94	-1.94004
6.95	-2.87378
6.96	-2.81605
6.97	-1.83618
6.98	-1.34493
6.99	-0.953068
7	-0.82963
7.01	-0.611935
7.02	-0.444866
7.03	-1.05416
7.04	-0.988438
7.05	-0.610599
7.06	-0.904938
7.07	-0.477086
7.08	0.0310993
7.09	0.220666
7.1	0.684351
7.11	0.00984475
7.12	-0.645883
7.13	-0.271933
7.14	-0.809338
7.15	-1.12532
7.16	-0.49989
7.17	-0.240312
7.18	0.547645
7.19	1.16178
7.2	0.758544
7.21	0.792649
7.22	1.06796
7.23	1.43161
7.24	1.26008
7.25	-0.384085
7.26	-1.01851
7.27	-0.710356
7.28	-1.32535
7.29	-0.862898
7.3	0.00339385
7.31	-0.310925
7.32	0.0105465
7.33	0.288288
7.34	0.270514
7.35	1.09863
7.36	0.77099
7.37	-0.500105
7.38	-0.860775
7.39	-0.808557
7.4	-0.0325603
7.41	0.706308
7.42	0.425987
7.43	0.713498
7.44	1.133
7.45	0.822039
7.46	0.731264
7.47	0.465236
7.48	0.210232
7.49	0.209982
7.5	-0.497612
7.51	-1.18756
7.52	-1.55565
7.53	-1.82215
7.54	-1.29768
7.55	-1.2481
7.56	-1.80491
7.57	-1.18309
7.58	-0.630052
7.59	-1.01251
7.6	-0.778399
7.61	0.0101817
7.62	0.604763
7.63	1.05012
7.64	1.27753
7.65	1.00701
7.66	0.368064
7.67	0.232945
7.68	0.279428
7.69	-0.127356
7.7	0.296947
7.71	1.59996
7.72	2.50358
7.73	2.82466
7.74	2.28754
7.75	1.39367
7.76	0.456427
7.77	-1.22975
7.78	-1.70953
7.79	-0.145601
7.8	0.749135
7.81	0.932438
7.82	1.02362
7.83	-0.0963915
7.84	-1.12398
7.85	-1.1632
7.86	-1.49777
7.87	-1.86063
7.88	-1.37844
7.89	-0.407226
7.9	-0.0406209
7.91	-0.487908
7.92	-0.53747
7.93	-0.508576
7.94	-1.14367
7.95	-1.24523
7.96	-0.894764
7.97	-1.08383
7.98	-1.2842
7.99	-1.22072
8	-0.954314
8.01	-0.39098
8.02	-0.087317
8.03	-0.550744
8.04	-1.25913
8.05	-0.9143
8.06	0.15181
8.07	0.484623
8.08	0.693362
8.09	0.791448
8.1	-0.0595742
8.11	-0.306651
8.12	-0.0554974
8.13	-0.663249
8.14	-0.564672
8.15	0.147529
8.16	-0.0612194
8.17	-0.209312
8.18	-0.027514
8.19	0.0482224
8.2	0.310882
8.21	0.216922
8.22	-0.206297
8.23	-0.569836
8.24	-0.931522
8.25	-0.761009
8.26	-0.107138
8.27	0.784842
8.28	1.52919
8.29	1.02096
8.3	0.0695467
8.31	-0.294175
8.32	-0.651151
8.33	-0.760308
8.34	-0.971549
8.35	-1.30029
8.36	-0.421111
8.37	0.251643
8.38	0.00199937
8.39	0.243646
8.4	-0.383117
8.41	-1.3919
8.42	-0.439909
8.43	0.441416
8.44	0.118666
8.45	0.0515141
8.46	0.0513424
8.47	0.478538
8.48	1.37254
8.49	1.53994
8.5	1.37294
8.51	1.04839
8.52	0.205097
8.53	-1.00602
8.54	-2.82017
8.55	-4.10917
8.56	-3.97674
8.57	-3.71978
8.58	-3.27379
8.59	-1.94163
8.6	-0.569733
8.61	0.379591
8.62	1.08418
8.63	1.8963
8.64	2.45385
8.65	1.86431
8.66	1.30621
8.67	1.33917
8.68	0.300776
8.69	-0.857593
8.7	-0.620866
8.71	-0.7561
8.72	-1.50551
8.73	-1.05808
8.74	-0.639365
8.75	-1.74956
8.76	-2.43999
8.77	-2.199
8.78	-2.55845
8.79	-2.16785
8.8	-0.735096
8.81	-0.499661
8.82	-0.0366505
8.83	1.51164
8.84	1.70517
8.85	1.42384
8.86	1.5738
8.87	0.798579
8.88	0.23896
8.89	0.0487331
8.9	-0.628897
8.91	-0.624144
8.92	-0.559973
8.93	-0.557457
8.94	0.336246
8.95	0.30922
8.96	0.118374
8.97	1.23207
8.98	1.02393
8.99	0.31321
9	1.04855
9.01	0.932693
9.02	0.313984
9.03	0.306006
9.04	-0.50338
9.05	-0.867546
9.06	-0.13844
9.07	-0.22471
9.08	-0.655768
9.09	-0.479416
9.1	-0.231596
9.11	-0.234693
9.12	-0.280007
9.13	0.320842
9.14	0.801571
9.15	-0.141958
9.16	-1.35621
9.17	-2.00987
9.18	-2.32707
9.19	-1.71406
9.2	-0.986094
9.21	-1.19856
9.22	-1.37286
9.23	-1.14557
9.24	-1.06262
9.25	-1.01402
9.26	-0.589598
9.27	0.417814
9.28	1.40542
9.29	1.94992
9.3	2.27268
9.31	1.83345
9.32	1.07447
9.33	1.49019
9.34	2.22291
9.35	2.13097
9.36	2.11419
9.37	2.28192
9.38	2.06042
9.39	1.56911
9.4	0.586009
9.41	-0.343303
9.42	0.0652393
9.43	1.27366
9.44	2.1453
9.45	2.66175
9.46	2.72056
9.47	2.26935
9.48	1.41688
9.49	-0.0129963
9.5	-1.17276
9.51	-1.15598
9.52	-0.669588
9.53	-0.298745
9.54	-0.0564741
9.55	0.136815
9.56	0.82767
9.57	1.33287
9.58	0.735014
9.59	0.382615
9.6	0.925807
9.61	1.17509
9.62	1.14334
9.63	1.63947
9.64	2.58533
9.65	3.06363
9.66	2.55091
9.67	1.83785
9.68	1.12009
9.69	0.151694
9.7	-0.217365
9.71	-0.366344
9.72	-1.02094
9.73	-1.18733
9.74	-1.03411
9.75	-1.21972
9.76	-1.26442
9.77	-1.532
9.78	-1.86256
9.79	-1.60579
9.8	-1.45897
9.81	-1.43931
9.82	-1.50327
9.83	-1.9029
9.84	-1.5676
9.85	-1.18198
9.86	-1.85113
9.87	-1.92897
9.88	-1.47833
9.89	-1.45715
9.9	-0.823534
9.91	-0.429206
9.92	-0.838358
9.93	-0.161712
9.94	0.937338
9.95	1.11657
9.96	1.28681
9.97	1.39048
9.98	1.29169
9.99	1.90105
10	2.65127
10.01	2.33372
10.02	1.08624
10.03	-0.0305412
10.04	-0.318856
10.05	-0.0720751
10.06	0.323715
10.07	0.582484
10.08	0.363293
10.09	-0.102169
10.1	-0.708187
10.11	-1.41934
10.12	-1.50343
10.13	-0.893486
10.14	-0.313526
10.15	-0.098216
10.16	-0.103623
10.17	0.454255
10.18	1.69181
10.19	2.40626
10.2	2.55444
10.21	2.93169
10.22	3.09421
10.23	2.66865
10.24	1.99141
10.25	1.01891
10.26	-0.138798
10.27	-0.757665
10.28	-0.60465
10.29	-0.504496
10.3	-0.852501
10.31	-1.02437
10.32	-1.19157
10.33	-1.8413
10.34	-2.18398
10.35	-1.8134
10.36	-1.24036
10.37	-0.608181
10.38	-0.295879
10.39	-0.76364
10.4	-1.59994
10.41	-2.07232
10.42	-1.83416
10.43	-1.22413
10.44	-0.248423
10.45	1.357
10.46	1.99649
10.47	0.918559
10.48	0.354232
10.49	0.414596
10.5	-0.296213
10.51	-0.600989
10.52	-0.677024
10.53	-1.68352
10.54	-1.78005
10.55	-0.690505
10.56	-0.372139
10.57	-0.573244
10.58	-0.921067
10.59	-1.38946
10.6	-1.04927
10.61	-0.739858
10.62	-1.13794
10.63	-0.876389
10.64	-0.164413
10.65	0.0235085
10.66	0.209379
10.67	0.731689
10.68	1.47974
10.69	2.00665
10.7	1.85894
10.71	1.74739
10.72	1.74153
10.73	1.02272
10.74	0.124096
10.75	-0.544532
10.76	-1.27372
10.77	-1.24903
10.78	-0.335561
10.79	0.138069
10.8	0.155064
10.81	0.418804
10.82	0.495083
10.83	0.592347
10.84	1.3797
10.85	1.91084
10.86	1.96143
10.87	2.34878
10.88	1.7947
10.89	0.0482924
10.9	-0.593576
10.91	-0.257845
10.92	-0.0712924
10.93	0.236354
10.94	-0.215692
10.95	-1.22771
10.96	-1.33899
10.97	-1.23227
10.98	-0.828767
10.99	0.238213
11	0.220475
11.01	-0.303268
11.02	0.0187575
11.03	-0.0541499
11.04	-0.267566
11.05	-0.0494091
11.06	-0.32238
11.07	-0.334844
11.08	-0.0806565
11.09	-0.519563
11.1	-0.405539
11.11	-0.139575
11.12	-1.05683
11.13	-1.01835
11.14	0.589194
11.15	1.50705
11.16	1.93249
11.17	2.24005
11.18	1.28929
11.19	0.361852
11.2	0.574903
11.21	0.12331
11.22	-0.930147
11.23	-1.026
11.24	-0.923887
11.25	-0.750921
11.26	0.204455
11.27	0.775421
11.28	0.969064
11.29	1.7673
11.3	2.32703
11.31	2.44667
11.32	2.30333
11.33	1.33396
11.34	0.413319
11.35	0.0346956
11.36	-0.182656
11.37	0.279933
11.38	0.631922
11.39	0.267119
11.4	0.373144
11.41	0.405451
11.42	-0.116409
11.43	-0.145163
11.44	-0.267071
11.45	-0.683869
11.46	-0.457823
11.47	-0.0971055
11.48	0.084692
11.49	0.145624
11.5	-0.232841
11.51	-0.317275
11.52	0.148505
11.53	0.502656
11.54	0.964436
11.55	1.6128
11.56	2.00279
11.57	2.07953
11.58	1.95944
11.59	1.67379
11.6	1.16488
11.61	0.775487
11.62	0.760478
11.63	0.848953
11.64	1.39504
11.65	2.25216
11.66	2.5652
11.67	2.5098
11.68	1.83756
11.69	1.05094
11.7	1.91142
11.71	2.50888
11.72	0.943952
11.73	-0.219278
11.74	-0.548269
11.75	-1.59637
11.76	-2.32816
11.77	-2.20449
11.78	-1.62002
11.79	-0.836224
11.8	-0.531956
11.81	-0.277832
11.82	-0.469492
11.83	-1.97899
11.84	-2.86451
11.85	-2.46513
11.86	-2.06768
11.87	-1.27252
11.88	-0.833937
11.89	-1.64063
11.9	-1.94166
11.91	-1.49965
11.92	-1.38288
11.93	-1.1614
11.94	-0.705046
11.95	-0.145079
11.96	0.881892
11.97	1.94038
11.98	1.8842
11.99	0.762467
12	0.330867
12.01	0.527874
12.02	-0.40094
12.03	-1.14552
12.04	-0.381021
12.05	-0.01125
12.06	-0.346854
12.07	-0.296343
12.08	-0.290393
12.09	-0.519969
12.1	-1.03695
12.11	-1.85708
12.12	-2.17319
12.13	-1.89167
12.14	-1.15273
12.15	0.112864
12.16	1.17825
12.17	1.6966
12.18	1.86141
12.19	2.01756
12.2	2.72115
12.21	3.14208
12.22	2.38468
12.23	1.40654
12.24	0.819121
12.25	0.292604
12.26	-0.156865
12.27	-0.140282
12.28	0.622512
12.29	1.37217
12.3	1.45357
12.31	1.33334
12.32	1.00933
12.33	0.527671
12.34	0.22052
12.35	-0.191766
12.36	-0.255721
12.37	-0.0699678
12.38	-0.637324
12.39	-1.1024
12.4	-1.23975
12.41	-1.92206
12.42	-2.05237
12.43	-1.74472
12.44	-2.08988
12.45	-1.94028
12.46	-1.5357
12.47	-1.96041
12.48	-2.12498
12.49	-1.92087
12.5	-1.96367
12.51	-1.85682
12.52	-1.71577
12.53	-1.56384
12.54	-1.65427
12.55	-2.22351
12.56	-1.7381
12.57	-0.225733
12.58	0.478703
12.59	0.964083
12.6	1.88218
12.61	2.08538
12.62	1.65683
12.63	1.43205
12.64	1.41822
12.65	1.44078
12.66	1.37001
12.67	0.927774
12.68	-0.0542313
12.69	-0.877015
12.7	-0.895047
12.71	-0.728547
12.72	-0.616574
12.73	-0.475539
12.74	-0.745273
12.75	-0.874642
12.76	-0.89634
12.77	-1.79923
12.78	-2.174
12.79	-0.955454
12.8	-0.136754
12.81	-0.544534
12.82	-1.00491
12.83	-1.08657
12.84	-1.05327
12.85	-1.04735
12.86	-0.876694
12.87	-0.626393
12.88	-0.671597
12.89	-0.728208
12.9	-0.687587
12.91	-0.804442
12.92	-0.907774
12.93	-1.03346
12.94	-1.10085
12.95	-1.18811
12.96	-1.72161
12.97	-1.51045
12.98	0.109255
12.99	1.30788
13	1.56574
13.01	1.78685
13.02	2.10237
13.03	2.57114
13.04	2.50734
13.05	1.54333
13.06	0.81371
13.07	0.433082
13.08	0.334751
13.09	1.05378
13.1	1.71147
13.11	1.94524
13.12	2.24077
13.13	2.18307
13.14	2.10582
13.15	2.11441
13.16	1.36025
13.17	0.459883
13.18	-0.0839065
13.19	-0.640865
13.2	-0.631959
13.21	-0.00131182
13.22	0.514136
13.23	0.755452
13.24	0.800237
13.25	0.612423
13.26	-0.257197
13.27	-1.48702
13.28	-1.90413
13.29	-1.89278
13.3	-1.81626
13.31	-1.27075
13.32	-1.11376
13.33	-1.08605
13.34	-0.390901
13.35	-0.111843
13.36	0.0568751
13.37	0.637134
13.38	0.435064
13.39	0.105109
13.4	0.25561
13.41	0.0195897
13.42	0.0164079
13.43	0.329844
13.44	0.299274
13.45	0.368368
13.46	0.372936
13.47	0.440881
13.48	0.732078
13.49	0.351818
13.5	0.268283
13.51	1.07395
13.52	0.962947
13.53	-0.0558936
13.54	-1.02912
13.55	-1.82752
13.56	-1.81485
13.57	-1.38302
13.58	-1.18325
13.59	-0.875586
13.6	-0.550241
13.61	0.00771384
13.62	0.477741
13.63	0.0457426
13.64	-0.0437961
13.65	0.759831
13.66	1.28883
13.67	1.37487
13.68	0.953798
13.69	0.468078
13.7	0.512239
13.71	0.335842
13.72	0.541691
13.73	1.30912
13.74	1.02213
13.75	0.713105
13.76	0.923275
13.77	0.0852799
13.78	-0.384576
13.79	0.180225
13.8	-0.0833641
13.81	-0.491616
13.82	-0.191925
13.83	-0.0983342
13.84	-0.36008
13.85	-0.79493
13.86	-1.20313
13.87	-1.57036
13.88	-1.79144
13.89	-1.47831
13.9	-1.86
13.91	-2.9158
13.92	-2.47825
13.93	-1.44885
13.94	-1.06681
13.95	-0.449642
13.96	-0.455595
13.97	-0.951399
13.98	-0.499812
13.99	-0.208599
14	-0.255776
14.01	0.362976
14.02	1.03204
14.03	1.6665
14.04	2.29084
14.05	2.49421
14.06	2.27227
14.07	1.16732
14.08	0.293732
14.09	0.764467
14.1	0.799628
14.11	0.490173
14.12	0.998669
14.13	0.755637
14.14	0.0525319
14.15	0.422373
14.16	0.76809
14.17	0.615059
14.18	0.646039
14.19	0.740801
14.2	0.79622
14.21	0.702902
14.22	0.360056
14.23	-0.303561
14.24	-0.959782
14.25	-0.747571
14.26	-0.48986
14.27	-0.841288
14.28	-0.428391
14.29	0.105842
14.3	-0.0960026
14.31	0.554178
14.32	1.3727
14.33	1.11046
14.34	1.31842
14.35	2.00149
14.36	1.94324
14.37	1.67393
14.38	1.51907
14.39	1.20164
14.4	0.808083
14.41	0.725384
14.42	1.28589
14.43	1.76123
14.44	1.52983
14.45	1.00013
14.46	0.358092
14.47	-0.0491151
14.48	-0.135566
14.49	-0.502461
14.5	-0.435997
14.51	0.7255
14.52	1.84788
14.53	2.31076
14.54	2.34067
14.55	1.97834
14.56	1.57756
14.57	1.38927
14.58	1.22988
14.59	0.832681
14.6	0.233836
14.61	-0.0668734
14.62	-0.106317
14.63	-0.315343
14.64	-0.580171
14.65	-0.752184
14.66	-0.588772
14.67	-0.199092
14.68	-0.545132
14.69	-1.53934
14.7	-2.24712
14.71	-2.49467
14.72	-2.11371
14.73	-1.31975
14.74	-0.758075
14.75	-0.204541
14.76	0.40848
14.77	0.845366
14.78	1.26419
14.79	1.35312
14.8	1.28601
14.81	1.7549
14.82	2.25533
14.83	2.29816
14.84	2.03057
14.85	1.41354
14.86	0.763359
14.87	0.278279
14.88	0.0592122
14.89	0.41128
14.9	0.619326
14.91	0.310491
14.92	0.220937
14.93	0.186841
14.94	0.199908
14.95	0.5415
14.96	0.249108
14.97	-0.428491
14.98	-0.367198
14.99	-0.424243
15	-0.964269
15.01	-1.13182
15.02	-1.2565
15.03	-1.12106
15.04	0.215871
15.05	1.51867
15.06	1.42405
15.07	0.964482
15.08	0.786905
15.09	0.413949
15.1	0.532234
15.11	1.23322
15.12	1.1189
15.13	0.575025
15.14	0.586927
15.15	0.34989
15.16	-0.122719
15.17	-0.220466
15.18	-0.613354
15.19	-1.33111
15.2	-1.83355
15.21	-2.07357
15.22	-1.91043
15.23	-1.89283
15.24	-2.23659
15.25	-2.00563
15.26	-1.37134
15.27	-0.89731
15.28	-0.714267
15.29	-1.4171
15.3	-2.17186
15.31	-1.90629
15.32	-1.52818
15.33	-1.17276
15.34	-0.629157
15.35	-0.539211
15.36	-0.131278
15.37	0.571537
15.38	0.225275
15.39	-0.207527
15.4	-0.0403603
15.41	-0.365901
15.42	-0.729576
15.43	-0.51268
15.44	-0.317518
15.45	-0.24002
15.46	-0.266652
15.47	-0.393222
15.48	-0.43977
15.49	-0.690152
15.5	-1.14416
15.51	-1.63122
15.52	-2.04919
15.53	-1.77267
15.54	-0.989938
15.55	-0.493504
15.56	-0.0615164
15.57	0.249255
15.58	0.241656
15.59	0.672406
15.6	1.18668
15.61	0.879956
15.62	0.670542
15.63	0.997371
15.64	0.79622
15.65	0.194256
15.66	-0.21084
15.67	-0.704133
15.68	-0.828049
15.69	-0.346565
15.7	-0.277644
15.71	-0.358075
15.72	0.0819296
15.73	0.0311718
15.74	-0.587051
15.75	-0.821052
15.76	-1.04081
15.77	-1.40194
15.78	-1.41279
15.79	-1.26028
15.8	-1.03755
15.81	-0.795633
15.82	-0.577199
15.83	-0.0266469
15.84	0.51112
15.85	0.873459
15.86	1.55241
15.87	1.82763
15.88	1.35121
15.89	1.09465
15.9	0.919933
15.91	0.551264
15.92	0.514297
15.93	0.423427
15.94	0.0207561
15.95	-0.059222
15.96	0.271172
15.97	0.615574
15.98	0.61326
15.99	0.27666
16	-0.0802666
16.01	-0.706722
16.02	-1.55443
16.03	-1.95226
16.04	-2.08694
16.05	-2.21397
16.06	-1.95232
16.07	-1.52521
16.08	-1.23486
16.09	-0.956703
16.1	-0.849544
16.11	-0.860482
16.12	-0.818087
16.13	-0.962722
16.14	-1.10042
16.15	-0.945163
16.16	-0.893497
16.17	-0.99312
16.18	-0.863989
16.19	-0.545166
16.2	-0.0843882
16.21	0.381711
16.22	0.401862
16.23	0.0142863
16.24	-0.526114
16.25	-1.08987
16.26	-1.17485
16.27	-0.873217
16.28	-0.881981
16.29	-1.02663
16.3	-1.19745
16.31	-1.64876
16.32	-1.73395
16.33	-1.37904
16.34	-1.2991
16.35	-1.10276
16.36	-0.648207
16.37	-0.618001
16.38	-0.731453
16.39	-0.627446
16.4	-0.440272
16.41	0.119232
16.42	0.841653
16.43	1.10332
16.44	1.06393
16.45	0.98672
16.46	0.960225
16.47	1.15244
16.48	1.25741
16.49	1.07576
16.5	1.02293
16.51	1.03527
16.52	0.699923
16.53	0.260566
16.54	0.029343
16.55	0.0813151
16.56	0.624826
16.57	1.29013
16.58	1.57732
16.59	1.76359
16.6	1.63872
16.61	0.975763
16.62	0.743985
16.63	0.924266
16.64	0.689536
16.65	0.512665
16.66	0.42305
16.67	-0.00607801
16.68	-0.0508535
16.69	0.270081
16.7	0.423302
16.71	0.833095
16.72	1.22332
16.73	1.04133
16.74	0.649644
16.75	0.144977
16.76	-0.347313
16.77	-0.460899
16.78	-0.303567
16.79	0.129367
16.8	0.636662
16.81	0.667656
16.82	0.439888
16.83	0.363509
16.84	0.308147
16.85	0.181741
16.86	0.282226
16.87	0.801646
16.88	1.05019
16.89	0.73602
16.9	0.78329
16.91	0.960648
16.92	0.400081
16.93	-0.172469
16.94	-0.225147
16.95	-0.114231
16.96	0.0893432
16.97	0.0804807
16.98	-0.0851114
16.99	0.100656
17	0.350994
17.01	0.424508
17.02	0.353924
17.03	-0.0584457
17.04	-0.414343
17.05	-0.438499
17.06	-0.530181
17.07	-0.741769
17.08	-1.05904
17.09	-1.44745
17.1	-1.54441
17.11	-1.42922
17.12	-1.26431
17.13	-0.868007
17.14	-0.392008
17.15	-0.0974218
17.16	-0.0306448
17.17	-0.280767
17.18	-0.736309
17.19	-0.911383
17.2	-0.475978
17.21	0.23708
17.22	0.696636
17.23	0.639353
17.24	0.0380383
17.25	-0.510427
17.26	-0.538578
17.27	-0.491965
17.28	-0.305479
17.29	0.21946
17.3	0.34554
17.31	0.155728
17.32	0.169579
17.33	-0.0259184
17.34	-0.271877
17.35	-0.230255
17.36	-0.352605
17.37	-0.568737
17.38	-0.58223
17.39	-0.560321
17.4	-0.775107
17.41	-1.46741
17.42	-2.14561
17.43	-2.38426
17.44	-2.53856
17.45	-2.30507
17.46	-1.77208
17.47	-1.83936
17.48	-1.68692
17.49	-0.48228
17.5	0.594038
17.51	0.937809
17.52	1.10948
17.53	1.36111
17.54	1.5298
17.55	1.31434
17.56	1.01542
17.57	1.06005
17.58	1.01696
17.59	0.737304
17.6	0.634866
17.61	0.666866
17.62	0.526712
17.63	0.119506
17.64	-0.142092
17.65	0.0374198
17.66	0.00949564
17.67	-0.495172
17.68	-0.753791
17.69	-0.691053
17.7	-1.00052
17.71	-1.44379
17.72	-1.02357
17.73	-0.291121
17.74	-0.317612
17.75	0.00032796
17.76	1.00336
17.77	1.0431
17.78	0.661172
17.79	0.906951
17.8	0.794461
17.81	0.420444
17.82	0.205185
17.83	-0.301364
17.84	-0.430477
17.85	-0.272714
17.86	-0.434814
17.87	0.0360939
17.88	0.612016
17.89	0.167691
17.9	-0.14264
17.91	-0.117411
17.92	-0.494885
17.93	-0.616684
17.94	-0.520495
17.95	-0.677584
17.96	-0.631261
17.97	-0.520618
17.98	-0.498922
17.99	-0.192141
18	-0.113969
18.01	-0.442741
18.02	-0.124026
18.03	0.721255
18.04	0.788428
18.05	0.274455
18.06	0.121721
18.07	-0.0589494
18.08	-0.734791
18.09	-1.50048
18.1	-1.89096
18.11	-1.74606
18.12	-1.62178
18.13	-1.69071
18.14	-1.09398
18.15	-0.308153
18.16	-0.2025
18.17	-0.00966534
18.18	0.259102
18.19	0.131955
18.2	0.180902
18.21	0.0195226
18.22	-0.541898
18.23	-0.581519
18.24	-0.465309
18.25	-0.594934
18.26	-0.561091
18.27	-0.676063
18.28	-0.85042
18.29	-0.675586
18.3	-0.382825
18.31	0.0312462
18.32	0.405692
18.33	0.563461
18.34	0.756426
18.35	0.699817
18.36	0.354696
18.37	0.108514
18.38	-0.131736
18.39	-0.189155
18.4	0.0700584
18.41	0.483662
18.42	0.913454
18.43	0.667755
18.44	0.065207
18.45	0.074659
18.46	0.0610126
18.47	0.0250199
18.48	0.345863
18.49	-0.0703239
18.5	-0.530592
18.51	-0.00976482
18.52	0.00269765
18.53	-0.464549
18.54	-0.245688
18.55	0.0309924
18.56	0.14725
18.57	0.253702
18.58	0.0338555
18.59	-0.0608916
18.6	0.346266
18.61	1.12721
18.62	1.76948
18.63	1.61136
18.64	1.32633
18.65	1.42243
18.66	1.24668
18.67	1.18425
18.68	1.52837
18.69	1.40443
18.7	0.863428
18.71	0.503846
18.72	0.215734
18.73	-0.229199
18.74	-0.595176
18.75	-0.646236
18.76	-0.873469
18.77	-1.19855
18.78	-0.909664
18.79	-0.728513
18.8	-0.997929
18.81	-0.757335
18.82	-0.373773
18.83	-0.404239
18.84	-0.567861
18.85	-0.979766
18.86	-1.21056
18.87	-1.0776
18.88	-1.20663
18.89	-1.21754
18.9	-1.01156
18.91	-1.05997
18.92	-0.935057
18.93	-0.775841
18.94	-0.904188
18.95	-0.920575
18.96	-0.911708
18.97	-0.589444
18.98	0.225347
18.99	0.544941
19	0.439814
19.01	0.528044
19.02	0.36376
19.03	-0.112965
19.04	-0.474679
19.05	-0.471294
19.06	-0.209116
19.07	-0.267269
19.08	-0.332205
19.09	0.186719
19.1	0.61962
19.11	0.513948
19.12	0.170586
19.13	-0.236233
19.14	-0.636032
19.15	-1.00142
19.16	-0.950603
19.17	-0.474382
19.18	-0.238048
19.19	0.0567882
19.2	0.592612
19.21	0.713246
19.22	0.827031
19.23	1.10795
19.24	1.05691
19.25	1.32904
19.26	1.98922
19.27	2.09769
19.28	1.70329
19.29	1.12042
19.3	0.425279
19.31	-0.116894
19.32	-0.250665
19.33	0.0312369
19.34	0.0974921
19.35	-0.0304605
19.36	0.34578
19.37	0.403781
19.38	-0.167763
19.39	-0.130787
19.4	-0.0212776
19.41	-0.728338
19.42	-1.27904
19.43	-1.28824
19.44	-1.18761
19.45	-0.883288
19.46	-0.312964
19.47	0.230017
19.48	0.46641
19.49	0.610075
19.5	0.711522
19.51	0.414724
19.52	0.280988
19.53	0.658879
19.54	0.928723
19.55	1.19714
19.56	1.2885
19.57	0.692362
19.58	0.3012
19.59	0.417164
19.6	0.335703
19.61	0.229637
19.62	0.197354
19.63	0.0386803
19.64	-0.228917
19.65	-0.672368
19.66	-0.851167
19.67	-0.611848
19.68	-0.328987
19.69	0.279052
19.7	0.992882
19.71	1.16241
19.72	1.08302
19.73	1.06502
19.74	1.24021
19.75	1.38408
19.76	0.91552
19.77	0.579097
19.78	0.858838
19.79	0.806383
19.8	0.638747
19.81	0.855449
19.82	0.995361
19.83	1.20045
19.84	1.30602
19.85	0.84964
19.86	0.381261
19.87	0.0205599
19.88	-0.46492
19.89	-0.718238
19.9	-0.811553
19.91	-1.06772
19.92	-1.44741
19.93	-1.64433
19.94	-1.50098
19.95	-1.64678
19.96	-1.98536
19.97	-1.5542
19.98	-0.975611
19.99	-0.831057
20	-0.248653
20.01	0.355155
20.02	0.190687
20.03	-0.0183334
20.04	-0.154293
20.05	-0.547964
20.06	-0.595298
20.07	-0.326427
20.08	-0.313471
20.09	-0.176794
20.1	0.385909
20.11	0.933913
20.12	1.2722
20.13	1.30096
20.14	0.857728
20.15	0.478919
20.16	0.62507
20.17	0.762738
20.18	0.565604
20.19	0.362985
20.2	0.135389
20.21	-0.335808
20.22	-0.836585
20.23	-1.05874
20.24	-1.11135
20.25	-1.24874
20.26	-1.27276
20.27	-0.944317
20.28	-0.544112
20.29	-0.340401
20.3	-0.218211
20.31	0.051961
20.32	0.43203
20.33	0.476162
20.34	0.0149436
20.35	-0.610242
20.36	-1.07117
20.37	-1.03062
20.38	-0.525914
20.39	-0.201548
20.4	-0.205959
20.41	-0.185006
20.42	-0.195851
20.43	-0.331762
20.44	-0.318998
20.45	-0.0820132
20.46	-0.0203189
20.47	-0.149574
20.48	0.101666
20.49	0.372958
20.5	-0.024563
20.51	-0.342013
20.52	-0.232062
20.53	-0.394923
20.54	-0.31148
20.55	0.354504
20.56	0.454281
20.57	-0.0213719
20.58	-0.140556
20.59	-0.04718
20.6	0.141083
20.61	0.695378
20.62	1.16478
20.63	1.24137
20.64	1.27585
20.65	1.07823
20.66	0.392231
20.67	-0.0881957
20.68	-0.162614
20.69	-0.557039
20.7	-1.10211
20.71	-1.23734
20.72	-1.24009
20.73	-1.06832
20.74	-0.407619
20.75	0.162592
20.76	0.141709
20.77	-0.084099
20.78	-0.139594
20.79	-0.160878
20.8	-0.302916
20.81	-0.390228
20.82	-0.338392
20.83	-0.274246
20.84	-0.12757
20.85	0.092177
20.86	0.312436
20.87	0.690235
20.88	0.966868
20.89	0.785096
20.9	0.524332
20.91	0.404347
20.92	0.236483
20.93	0.187634
20.94	0.277254
20.95	0.317645
20.96	0.553429
20.97	0.98599
20.98	1.11847
20.99	0.91518
21	0.775293
21.01	0.781848
21.02	0.793245
21.03	0.783988
21.04	0.62782
21.05	0.142481
21.06	-0.408196
21.07	-0.671729
21.08	-0.712244
21.09	-0.534468
21.1	-0.200958
21.11	-0.0649084
21.12	0.0807357
21.13	0.479433
21.14	0.612731
21.15	0.486008
21.16	0.512606
21.17	0.414299
21.18	0.13473
21.19	-0.222722
21.2	-0.753408
21.21	-0.862143
21.22	-0.479139
21.23	-0.289583
21.24	0.0221062
21.25	0.349849
21.26	0.0460934
21.27	-0.173157
21.28	-0.318987
21.29	-1.12806
21.3	-1.62987
21.31	-1.56014
21.32	-1.77694
21.33	-1.80696
21.34	-1.63313
21.35	-1.84226
21.36	-1.82335
21.37	-1.54054
21.38	-1.41938
21.39	-1.00447
21.4	-0.545126
21.41	-0.540053
21.42	-0.434461
21.43	-0.0567674
21.44	0.24649
21.45	0.61989
21.46	1.14887
21.47	1.47095
21.48	1.29995
21.49	0.863826
21.5	0.676758
21.51	0.769465
21.52	0.695383
21.53	0.401925
21.54	0.208008
21.55	-0.00231298
21.56	-0.291557
21.57	-0.219448
21.58	-0.0148124
21.59	-0.114668
21.6	0.0593433
21.61	0.620765
21.62	0.865472
21.63	0.679574
21.64	0.264832
21.65	0.108159
21.66	0.551094
21.67	0.774214
21.68	0.606938
21.69	0.824858
21.7	1.07335
21.71	1.00786
21.72	1.03542
21.73	1.04401
21.74	1.06994
21.75	1.29675
21.76	1.34354
21.77	1.08475
21.78	0.728012
21.79	0.598009
21.8	0.928346
21.81	1.16825
21.82	0.936607
21.83	0.596015
21.84	0.297167
21.85	0.101136
21.86	0.100921
21.87	0.316855
21.88	0.858677
21.89	1.18826
21.9	0.865688
21.91	0.708026
21.92	0.998941
21.93	1.02924
21.94	1.06876
21.95	1.60226
21.96	1.80447
21.97	1.22357
21.98	0.780227
21.99	0.665802
22	0.200139
22.01	-0.194264
22.02	-0.0578217
22.03	-0.00216942
22.04	-0.0832809
22.05	-0.0344304
22.06	-0.114011
22.07	-0.190321
22.08	-0.1371
22.09	-0.232394
22.1	-0.351568
22.11	-0.319077
22.12	-0.280038
22.13	-0.37122
22.14	-0.521242
22.15	-0.459389
22.16	-0.266888
22.17	-0.144362
22.18	7.50961e-05
22.19	-0.112975
22.2	-0.489022
22.21	-0.511552
22.22	-0.327361
22.23	-0.294144
22.24	-0.105004
22.25	0.244679
22.26	0.396542
22.27	0.197538
22.28	-0.138573
22.29	-0.290895
22.3	-0.327464
22.31	-0.192878
22.32	0.0967735
22.33	-0.0591306
22.34	-0.531533
22.35	-0.756732
22.36	-0.747319
22.37	-0.300534
22.38	0.229546
22.39	0.0828177
22.4	-0.0703919
22.41	0.140817
22.42	-0.0613679
22.43	-0.449985
22.44	-0.476359
22.45	-0.430957
22.46	-0.40598
22.47	-0.130644
22.48	0.22757
22.49	0.109919
22.5	-0.170408
22.51	0.109824
22.52	0.365106
22.53	0.309234
22.54	0.507246
22.55	0.356009
22.56	-0.147244
22.57	-0.0348216
22.58	0.0205736
22.59	-0.305917
22.6	-0.207793
22.61	-0.274364
22.62	-0.741391
22.63	-0.629931
22.64	-0.271072
22.65	-0.42183
22.66	-0.682015
22.67	-0.675052
22.68	-0.598572
22.69	-0.579879
22.7	-0.582242
22.71	-0.693396
22.72	-0.728991
22.73	-0.31775
22.74	0.154791
22.75	0.288799
22.76	0.377331
22.77	0.337453
22.78	0.00321483
22.79	-0.253563
22.8	-0.212871
22.81	0.0400221
22.82	0.158625
22.83	-0.0102354
22.84	-0.123629
22.85	-0.235415
22.86	-0.256339
22.87	0.239598
22.88	0.680639
22.89	0.713731
22.9	0.801693
22.91	0.742352
22.92	0.603299
22.93	0.735198
22.94	0.637875
22.95	0.440106
22.96	0.654945
22.97	0.840928
22.98	0.814106
22.99	0.710569
23	0.44983
23.01	0.276914
23.02	0.165301
23.03	-0.0892994
23.04	-0.202124
23.05	-0.283023
23.06	-0.69252
23.07	-1.1428
23.08	-1.28003
23.09	-1.113
23.1	-0.760034
23.11	-0.506228
23.12	-0.589681
23.13	-0.772325
23.14	-0.843973
23.15	-1.13424
23.16	-1.53994
23.17	-1.44453
23.18	-1.01408
23.19	-0.613127
23.2	-0.175281
23.21	0.0216577
23.22	0.100913
23.23	0.538618
23.24	0.682609
23.25	0.0965143
23.26	-0.367494
23.27	-0.428065
23.28	-0.553949
23.29	-0.698068
23.3	-0.677685
23.31	-0.679476
23.32	-0.818828
23.33	-0.952922
23.34	-0.921102
23.35	-0.648956
23.36	-0.251134
23.37	-0.0108856
23.38	0.0785661
23.39	0.169269
23.4	0.239321
23.41	0.48196
23.42	0.775961
23.43	0.510981
23.44	0.031482
23.45	0.0593542
23.46	0.262933
23.47	0.23161
23.48	0.00742548
23.49	-0.33849
23.5	-0.536168
23.51	-0.559351
23.52	-0.660901
23.53	-0.825104
23.54	-1.0101
23.55	-1.07861
23.56	-0.920227
23.57	-0.803781
23.58	-0.583828
23.59	-0.0512658
23.6	0.151148
23.61	-0.168861
23.62	-0.327025
23.63	-0.142251
23.64	0.162203
23.65	0.457936
23.66	0.48969
23.67	0.349021
23.68	0.484711
23.69	0.758361
23.7	0.783215
23.71	0.748361
23.72	0.738843
23.73	0.564697
23.74	0.545876
23.75	0.665515
23.76	0.290299
23.77	-0.203487
23.78	-0.112164
23.79	0.126535
23.8	0.239227
23.81	0.488822
23.82	0.662687
23.83	0.632183
23.84	0.499741
23.85	0.217155
23.86	0.0271321
23.87	0.0188386
23.88	-0.0827584
23.89	-0.21793
23.9	-0.354073
23.91	-0.554873
23.92	-0.573705
23.93	-0.340812
23.94	0.161623
23.95	0.781038
23.96	0.834232
23.97	0.474474
23.98	0.336248
23.99	0.0143969
24	-0.349257
24.01	-0.0930721
24.02	0.0851033
24.03	-0.0790826
24.04	0.136199
24.05	0.332594
24.06	0.0599004
24.07	-0.243456
24.08	-0.524604
24.09	-0.868171
24.1	-1.05018
24.11	-0.947701
24.12	-0.697782
24.13	-0.497531
24.14	-0.0195587
24.15	0.679851
24.16	0.750185
24.17	0.444854
24.18	0.284006
24.19	-0.14651
24.2	-0.382918
24.21	-0.195708
24.22	-0.443071
24.23	-0.606898
24.24	-0.207834
24.25	-0.140479
24.26	-0.246393
24.27	-0.071842
24.28	0.0656349
24.29	0.386459
24.3	0.784076
24.31	0.697128
24.32	0.430639
24.33	0.259053
24.34	-0.0282286
24.35	-0.32688
24.36	-0.343304
24.37	-0.0150162
24.38	0.407271
24.39	0.644551
24.4	0.581613
24.41	0.381314
24.42	0.618795
24.43	1.32902
24.44	1.70687
24.45	1.34402
24.46	0.599347
24.47	0.166885
24.48	0.168006
24.49	-0.0319776
24.5	-0.270135
24.51	-0.100333
24.52	0.167306
24.53	0.580286
24.54	0.848408
24.55	0.44295
24.56	0.16659
24.57	0.229614
24.58	0.141135
24.59	0.243391
24.6	0.0337849
24.61	-0.613168
24.62	-0.491387
24.63	-0.103087
24.64	-0.105609
24.65	0.23355
24.66	0.576799
24.67	0.560435
24.68	0.499905
24.69	0.233429
24.7	0.123281
24.71	0.18961
24.72	-0.0537803
24.73	0.0557679
24.74	0.501986
24.75	0.418912
24.76	0.165
24.77	0.143377
24.78	0.178463
24.79	0.149135
24.8	-0.0395462
24.81	-0.145155
24.82	-0.321483
24.83	-0.873601
24.84	-1.16537
24.85	-0.92708
24.86	-0.468751
24.87	0.0759739
24.88	0.311028
24.89	0.22627
24.9	0.00301719
24.91	-0.478964
24.92	-0.812059
24.93	-1.04035
24.94	-1.43971
24.95	-1.27079
24.96	-0.662809
24.97	-0.469862
24.98	-0.561031
24.99	-0.821672
25	-1.1129
25.01	-1.11401
25.02	-1.01161
25.03	-0.84178
25.04	-0.716822
25.05	-0.581035
25.06	0.0164472
25.07	0.407471
25.08	0.292807
25.09	0.407255
25.1	0.235181
25.11	-0.216803
25.12	0.0750676
25.13	0.588195
25.14	0.907724
25.15	1.3247
25.16	1.47518
25.17	1.45423
25.18	1.29973
25.19	0.903834
25.2	0.959162
25.21	1.15343
25.22	0.94586
25.23	1.02095
25.24	1.17791
25.25	0.900244
25.26	0.606593
25.27	0.398785
25.28	0.373227
25.29	0.512474
25.3	0.372279
25.31	0.227333
25.32	0.272673
25.33	0.199559
25.34	0.230754
25.35	0.50661
25.36	0.903231
25.37	1.30385
25.38	1.34044
25.39	0.975171
25.4	0.388555
25.41	-0.232675
25.42	-0.45417
25.43	-0.402623
25.44	-0.389512
25.45	-0.295474
25.46	-0.278376
25.47	-0.292974
25.48	-0.21394
25.49	-0.394724
25.5	-0.540716
25.51	-0.381829
25.52	-0.436542
25.53	-0.649958
25.54	-0.78732
25.55	-0.87698
25.56	-0.699024
25.57	-0.539895
25.58	-0.633587
25.59	-0.638905
25.6	-0.670654
25.61	-0.713468
25.62	-0.521116
25.63	-0.396951
25.64	-0.321207
25.65	-0.115266
25.66	0.00787069
25.67	0.116619
25.68	0.249506
25.69	0.359672
25.7	0.572196
25.71	0.655805
25.72	0.531375
25.73	0.378105
25.74	0.142599
25.75	-0.0170954
25.76	-0.190461
25.77	-0.582715
25.78	-0.63424
25.79	-0.272952
25.8	0.0412846
25.81	0.373017
25.82	0.398096
25.83	-0.0910041
25.84	-0.502501
25.85	-0.722348
25.86	-0.67565
25.87	-0.194069
25.88	0.142696
25.89	0.24994
25.9	0.412632
25.91	0.309003
25.92	0.142639
25.93	0.239411
25.94	0.307801
25.95	0.395862
25.96	0.536673
25.97	0.613075
25.98	0.833004
25.99	0.996458
26	0.908533
26.01	0.785861
26.02	0.50984
26.03	0.158538
26.04	-0.00240193
26.05	-0.168738
26.06	-0.335492
26.07	-0.427477
26.08	-0.519896
26.09	-0.495623
26.1	-0.605077
26.11	-0.875963
26.12	-0.790396
26.13	-0.667648
26.14	-0.795428
26.15	-0.662702
26.16	-0.41943
26.17	-0.310609
26.18	-0.0442512
26.19	0.206176
26.2	0.348146
26.21	0.536058
26.22	0.500125
26.23	0.272714
26.24	0.193852
26.25	0.221117
26.26	0.214262
26.27	0.131328
26.28	0.0993611
26.29	0.20749
26.3	0.184437
26.31	-0.0810716
26.32	-0.431051
26.33	-0.775612
26.34	-0.960581
26.35	-0.960719
26.36	-0.883134
26.37	-0.781346
26.38	-0.787093
26.39	-0.835437
26.4	-0.84795
26.41	-0.993774
26.42	-1.05558
26.43	-0.791839
26.44	-0.468867
26.45	-0.316468
26.46	-0.423412
26.47	-0.528381
26.48	-0.244554
26.49	0.0223151
26.5	0.0126516
26.51	0.104548
26.52	0.187413
26.53	0.173605
26.54	0.196317
26.55	-0.0270253
26.56	-0.238694
26.57	-0.0106986
26.58	0.155718
26.59	0.0242398
26.6	-0.0664098
26.61	-0.126106
26.62	-0.136109
26.63	0.0222909
26.64	0.0969628
26.65	-0.0878684
26.66	-0.267375
26.67	-0.322733
26.68	-0.457713
26.69	-0.491621
26.7	-0.227408
26.71	-0.112696
26.72	-0.227866
26.73	-0.219779
26.74	-0.236781
26.75	-0.356085
26.76	-0.483145
26.77	-0.698754
26.78	-0.74968
26.79	-0.554629
26.8	-0.397505
26.81	-0.2325
26.82	-0.102265
26.83	-0.128328
26.84	-0.207382
26.85	-0.437184
26.86	-0.704899
26.87	-0.729973
26.88	-0.629372
26.89	-0.498015
26.9	-0.447065
26.91	-0.511452
26.92	-0.448399
26.93	-0.480232
26.94	-0.665947
26.95	-0.568575
26.96	-0.436435
26.97	-0.448483
26.98	-0.313466
26.99	-0.245213
27	-0.193985
27.01	0.0751645
27.02	0.224172
27.03	0.241417
27.04	0.299384
27.05	0.386847
27.06	0.624533
27.07	0.695663
27.08	0.457332
27.09	0.364507
27.1	0.396018
27.11	0.505787
27.12	0.744791
27.13	0.758938
27.14	0.756448
27.15	0.890411
27.16	0.674166
27.17	0.401327
27.18	0.431519
27.19	0.38729
27.2	0.368548
27.21	0.559897
27.22	0.662971
27.23	0.595759
27.24	0.478207
27.25	0.402886
27.26	0.335515
27.27	0.24405
27.28	0.324058
27.29	0.472225
27.3	0.528792
27.31	0.690419
27.32	0.838852
27.33	0.873739
27.34	0.934672
27.35	0.780645
27.36	0.510105
27.37	0.485682
27.38	0.420049
27.39	0.233505
27.4	0.249389
27.41	0.341275
27.42	0.280918
27.43	0.116431
27.44	0.0153088
27.45	-0.037022
27.46	-0.246975
27.47	-0.447332
27.48	-0.464751
27.49	-0.488949
27.5	-0.425772
27.51	-0.276495
27.52	-0.265232
27.53	-0.201303
27.54	-0.134156
27.55	-0.259964
27.56	-0.276844
27.57	-0.266582
27.58	-0.443816
27.59	-0.431305
27.6	-0.198827
27.61	-0.0893061
27.62	-0.0618002
27.63	0.0640188
27.64	0.219554
27.65	0.0604599
27.66	-0.374583
27.67	-0.570507
27.68	-0.539791
27.69	-0.454888
27.7	-0.216827
27.71	-0.176503
27.72	-0.384599
27.73	-0.361828
27.74	-0.276733
27.75	-0.244542
27.76	0.00632353
27.77	0.112629
27.78	-0.124577
27.79	-0.307576
27.8	-0.400661
27.81	-0.424929
27.82	-0.235187
27.83	0.0115413
27.84	0.213189
27.85	0.420734
27.86	0.550657
27.87	0.553964
27.88	0.471862
27.89	0.400707
27.9	0.42722
27.91	0.471543
27.92	0.465257
27.93	0.411916
27.94	0.315452
27.95	0.301745
27.96	0.4094
27.97	0.463697
27.98	0.430121
27.99	0.395974
28	0.343851
28.01	0.248604
28.02	0.151634
28.03	0.0956387
28.04	0.0956513
28.05	0.15249
28.06	0.238026
28.07	0.290424
28.08	0.324234
28.09	0.366433
28.1	0.372631
28.11	0.378511
28.12	0.42531
28.13	0.502266
28.14	0.664725
28.15	0.781663
28.16	0.681256
28.17	0.544239
28.18	0.469315
28.19	0.371768
28.2	0.314248
28.21	0.222582
28.22	0.0886276
28.23	0.147111
28.24	0.239323
28.25	0.13551
28.26	0.0146476
28.27	-0.103771
28.28	-0.282688
28.29	-0.435358
28.3	-0.604797
28.31	-0.709135
28.32	-0.641916
28.33	-0.57742
28.34	-0.493421
28.35	-0.327172
28.36	-0.32015
28.37	-0.483999
28.38	-0.608911
28.39	-0.62878
28.4	-0.508289
28.41	-0.326846
28.42	-0.215647
28.43	-0.147576
28.44	-0.126627
28.45	-0.162179
28.46	-0.137427
28.47	-0.0590721
28.48	-0.0794473
28.49	-0.216424
28.5	-0.332349
28.51	-0.373556
28.52	-0.371118
28.53	-0.281543
28.54	-0.125363
28.55	-0.0290139
28.56	-0.0147055
28.57	-0.0344336
28.58	-0.0156686
28.59	0.0524443
28.6	0.0640161
28.61	0.108408
28.62	0.275673
28.63	0.318023
28.64	0.202613
28.65	0.126424
28.66	0.0305666
28.67	-0.0719787
28.68	-0.0619662
28.69	-0.0131215
28.7	0.0574195
28.71	0.14129
28.72	0.135651
28.73	0.0810987
28.74	0.0707407
28.75	0.113754
28.76	0.162258
28.77	0.196594
28.78	0.291342
28.79	0.323735
28.8	0.156106
28.81	0.0174494
28.82	-0.0263155
28.83	-0.113454
28.84	-0.135591
28.85	-0.132275
28.86	-0.234695
28.87	-0.343353
28.88	-0.447251
28.89	-0.473662
28.9	-0.334123
28.91	-0.273394
28.92	-0.282338
28.93	-0.137121
28.94	-0.0144333
28.95	-0.0116266
28.96	0.0337435
28.97	0.101405
28.98	0.112375
28.99	0.0564885
29	0.0115837
29.01	0.0631035
29.02	0.0862026
29.03	0.0597714
29.04	0.143128
29.05	0.251678
29.06	0.272751
29.07	0.261281
29.08	0.218383
29.09	0.154665
29.1	0.0833661
29.11	-0.0170047
29.12	-0.0827193
29.13	-0.111546
29.14	-0.132095
29.15	-0.0777813
29.16	-0.00266406
29.17	-0.000732055
29.18	0.0218922
29.19	0.112914
29.2	0.147614
29.21	0.054618
29.22	-0.0721579
29.23	-0.128076
29.24	-0.126403
29.25	-0.121821
29.26	-0.126846
29.27	-0.109817
29.28	-0.048039
29.29	-0.00656956
29.3	-0.0110872
29.31	-0.0048051
29.32	0.0226044
29.33	0.107658
29.34	0.244891
29.35	0.316092
29.36	0.353521
29.37	0.382474
29.38	0.316372
29.39	0.27679
29.4	0.30169
29.41	0.256043
29.42	0.275635
29.43	0.375289
29.44	0.338392
29.45	0.249501
29.46	0.201399
29.47	0.159405
29.48	0.185188
29.49	0.120532
29.5	-0.103448
29.51	-0.210595
29.52	-0.230794
29.53	-0.292646
29.54	-0.225635
29.55	-0.0548528
29.56	0.0955258
29.57	0.261796
29.58	0.401619
29.59	0.476971
29.6	0.449267
29.61	0.279733
29.62	0.153641
29.63	0.125309
29.64	0.0664489
29.65	0.0571705
29.66	0.0912532
29.67	0.0676476
29.68	0.109942
29.69	0.184836
29.7	0.141956
29.71	0.0769433
29.72	-0.00296421
29.73	-0.212005
29.74	-0.433821
29.75	-0.522084
29.76	-0.529338
29.77	-0.514622
29.78	-0.407975
29.79	-0.22946
29.8	-0.118807
29.81	-0.0315962
29.82	0.092037
29.83	0.134261
29.84	0.147255
29.85	0.214046
29.86	0.227532
29.87	0.184339
29.88	0.0940916
29.89	-0.0181554
29.9	0.0386174
29.91	0.159378
29.92	0.126426
29.93	0.0875152
29.94	0.107422
29.95	0.132574
29.96	0.197361
29.97	0.170425
29.98	0.0979284
29.99	0.160276
30	0.156305
30.01	0.0579159
30.02	0.108533
30.03	0.163917
30.04	0.118417
30.05	0.161261
30.06	0.248213
30.07	0.267423
30.08	0.329652
30.09	0.460401
30.1	0.522381
30.11	0.490071
30.12	0.451239
30.13	0.394716
30.14	0.314955
30.15	0.236366
30.16	0.0779455
30.17	-0.072493
30.18	-0.0760189
30.19	-0.105437
30.2	-0.140228
30.21	0.00583612
30.22	0.126479
30.23	0.117722
30.24	0.144092
30.25	0.164036
30.26	0.138187
30.27	0.0937685
30.28	0.0557286
30.29	0.115063
30.3	0.135371
30.31	0.0617646
30.32	0.134828
30.33	0.21795
30.34	0.165442
30.35	0.238153
30.36	0.349885
30.37	0.313754
30.38	0.334305
30.39	0.388055
30.4	0.311473
30.41	0.245149
30.42	0.273884
30.43	0.290411
30.44	0.24388
30.45	0.158019
30.46	0.0596576
30.47	0.00443923
30.48	0.0620679
30.49	0.145545
30.5	0.13565
30.51	0.0828894
30.52	0.0222613
30.53	-0.00542096
30.54	0.0522579
30.55	0.0625038
30.56	0.0288673
30.57	0.0588755
30.58	0.0358271
30.59	0.0196599
30.6	0.143211
30.61	0.227852
30.62	0.248715
30.63	0.291634
30.64	0.272531
30.65	0.225554
30.66	0.172747
30.67	0.0683216
30.68	-0.00669281
30.69	-0.0454988
30.7	-0.0224873
30.71	0.0867354
30.72	0.13209
30.73	0.157204
30.74	0.246725
30.75	0.288533
30.76	0.336531
30.77	0.324972
30.78	0.115917
30.79	-0.0112895
30.8	-0.00403056
30.81	-0.108851
30.82	-0.178582
30.83	-0.104932
30.84	-0.00575147
30.85	0.128501
30.86	0.232148
30.87	0.252411
30.88	0.245544
30.89	0.147135
30.9	0.00405059
30.91	-0.0506396
30.92	-0.0716557
30.93	-0.0977109
30.94	-0.0949208
30.95	-0.0836455
30.96	-0.0762229
30.97	-0.0628438
30.98	-0.0408883
30.99	-0.0766275
31	-0.197482
31.01	-0.283049
31.02	-0.287286
31.03	-0.234469
31.04	-0.143581
31.05	-0.171471
31.06	-0.308586
31.07	-0.340058
31.08	-0.304962
31.09	-0.282115
31.1	-0.187061
31.11	-0.076407
31.12	-0.0232684
31.13	0.00250141
31.14	-0.00648631
31.15	-0.0412518
31.16	-0.0943745
31.17	-0.16014
31.18	-0.188461
31.19	-0.228469
31.2	-0.318268
31.21	-0.368562
31.22	-0.376393
31.23	-0.398061
31.24	-0.391871
31.25	-0.327967
31.26	-0.226677
31.27	-0.105989
31.28	-0.0321016
31.29	-0.0639967
31.3	-0.0971527
31.31	-0.0476873
31.32	-0.0379019
31.33	-0.0784811
31.34	-0.0383688
31.35	0.0229877
31.36	0.0689203
31.37	0.153408
31.38	0.18906
31.39	0.208073
31.4	0.314074
31.41	0.396024
31.42	0.437796
31.43	0.474241
31.44	0.390771
31.45	0.246559
31.46	0.1708
31.47	0.116049
31.48	0.0764483
31.49	0.0547855
31.5	-0.0112905
31.51	-0.106358
31.52	-0.167309
31.53	-0.161213
31.54	-0.119245
31.55	-0.0978563
31.56	-0.0888794
31.57	-0.086649
31.58	-0.081656
31.59	-0.0663878
31.6	-0.0922112
31.61	-0.124093
31.62	-0.0971766
31.63	-0.0536334
31.64	-9.56614e-05
31.65	0.0324542
31.66	-0.00776269
31.67	-0.0752008
31.68	-0.176793
31.69	-0.262333
31.7	-0.222739
31.71	-0.179604
31.72	-0.17926
31.73	-0.15111
31.74	-0.189626
31.75	-0.200412
31.76	-0.0752544
31.77	-0.0420277
31.78	-0.102249
31.79	-0.115568
31.8	-0.168262
31.81	-0.202128
31.82	-0.168395
31.83	-0.212528
31.84	-0.297058
31.85	-0.351094
31.86	-0.392501
31.87	-0.376346
31.88	-0.338026
31.89	-0.31239
31.9	-0.257107
31.91	-0.21484
31.92	-0.190974
31.93	-0.159397
31.94	-0.16951
31.95	-0.222928
31.96	-0.280076
31.97	-0.299962
31.98	-0.272312
31.99	-0.26332
32	-0.233673
32.01	-0.132097
32.02	-0.0782973
32.03	-0.10625
32.04	-0.147907
32.05	-0.202035
32.06	-0.210947
32.07	-0.158446
32.08	-0.14264
32.09	-0.151636
32.1	-0.128533
32.11	-0.129457
32.12	-0.169573
32.13	-0.170245
32.14	-0.133676
32.15	-0.136801
32.16	-0.131541
32.17	-0.0477003
32.18	0.0368134
32.19	0.0729
32.2	0.0661181
32.21	-0.0120728
32.22	-0.0744133
32.23	-0.0633584
32.24	-0.0816132
32.25	-0.108684
32.26	-0.0644043
32.27	-0.0278757
32.28	-0.0433634
32.29	-0.0546305
32.3	-0.0487902
32.31	-0.0757281
32.32	-0.144341
32.33	-0.180852
32.34	-0.194805
32.35	-0.243546
32.36	-0.22538
32.37	-0.123313
32.38	-0.0929023
32.39	-0.115956
32.4	-0.07197
32.41	0.0181864
32.42	0.0798414
32.43	0.0591331
32.44	-0.0186003
32.45	-0.0610583
32.46	-0.0565724
32.47	-0.0475194
32.48	-0.0299391
32.49	0.00125585
32.5	0.026636
32.51	0.0417301
32.52	0.0727291
32.53	0.104206
32.54	0.103315
32.55	0.124787
32.56	0.179991
32.57	0.175892
32.58	0.135244
32.59	0.12542
32.6	0.0916265
32.61	0.00946377
32.62	-0.0668641
32.63	-0.0893497
32.64	-0.00523324
32.65	0.132676
32.66	0.179643
32.67	0.138187
32.68	0.112833
32.69	0.10514
32.7	0.096064
32.71	0.108481
32.72	0.109973
32.73	0.077303
32.74	0.0733147
32.75	0.110742
32.76	0.130804
32.77	0.116201
32.78	0.101207
32.79	0.135761
32.8	0.215226
32.81	0.257328
32.82	0.241725
32.83	0.196359
32.84	0.121724
32.85	0.0680075
32.86	0.0506767
32.87	0.00224728
32.88	-0.042017
32.89	-0.0417341
32.9	-0.0536163
32.91	-0.0480205
32.92	0.00687544
32.93	0.0121542
32.94	-0.0542444
32.95	-0.111268
32.96	-0.135077
32.97	-0.155118
32.98	-0.206477
32.99	-0.280277
33	-0.293542
33.01	-0.23151
33.02	-0.190929
33.03	-0.207358
33.04	-0.244509
33.05	-0.297866
33.06	-0.308273
33.07	-0.219269
33.08	-0.135967
33.09	-0.122825
33.1	-0.105049
33.11	-0.105489
33.12	-0.143669
33.13	-0.127329
33.14	-0.0944753
33.15	-0.114291
33.16	-0.0920025
33.17	-0.0344918
33.18	-0.0577622
33.19	-0.109803
33.2	-0.117313
33.21	-0.14141
33.22	-0.161034
33.23	-0.095021
33.24	-0.0217768
33.25	-0.0336282
33.26	-0.0662834
33.27	-0.0810036
33.28	-0.0883961
33.29	-0.0380337
33.3	0.0377632
33.31	0.0547072
33.32	0.0738309
33.33	0.12507
33.34	0.137797
33.35	0.14135
33.36	0.173469
33.37	0.189527
33.38	0.203317
33.39	0.237441
33.4	0.253639
33.41	0.230427
33.42	0.192694
33.43	0.185405
33.44	0.211638
33.45	0.244998
33.46	0.315057
33.47	0.398154
33.48	0.411867
33.49	0.399723
33.5	0.413165
33.51	0.383767
33.52	0.306883
33.53	0.224731
33.54	0.135965
33.55	0.0894669
33.56	0.10613
33.57	0.119496
33.58	0.132334
33.59	0.159191
33.6	0.144119
33.61	0.0776111
33.62	-0.00479248
33.63	-0.0722612
33.64	-0.0982611
33.65	-0.118548
33.66	-0.145921
33.67	-0.135672
33.68	-0.131698
33.69	-0.166692
33.7	-0.146771
33.71	-0.0772729
33.72	-0.0592962
33.73	-0.0555668
33.74	-0.0103469
33.75	-0.00076121
33.76	-0.0410874
33.77	-0.057911
33.78	-0.0683606
33.79	-0.0987496
33.8	-0.119369
33.81	-0.162331
33.82	-0.213957
33.83	-0.193999
33.84	-0.158044
33.85	-0.166197
33.86	-0.148279
33.87	-0.123042
33.88	-0.15736
33.89	-0.193014
33.9	-0.178072
33.91	-0.161304
33.92	-0.197095
33.93	-0.253487
33.94	-0.249742
33.95	-0.219577
33.96	-0.226342
33.97	-0.217345
33.98	-0.195191
33.99	-0.218349
34	-0.230357
34.01	-0.210698
34.02	-0.227963
34.03	-0.288004
34.04	-0.346668
34.05	-0.357313
34.06	-0.313204
34.07	-0.266616
34.08	-0.213213
34.09	-0.133889
34.1	-0.0748598
34.11	-0.0482283
34.12	-0.0351622
34.13	-0.0422075
34.14	-0.0518186
34.15	-0.0477505
34.16	-0.0384819
34.17	-0.0283889
34.18	-0.0169158
34.19	-0.00400048
34.2	0.00540723
34.21	0.00551158
34.22	0.00392125
34.23	0.00713421
34.24	0.0148671
34.25	-0.00455344
34.26	-0.0743286
34.27	-0.132909
34.28	-0.131154
34.29	-0.123428
34.3	-0.136748
34.31	-0.133495
34.32	-0.129785
34.33	-0.161951
34.34	-0.181986
34.35	-0.171038
34.36	-0.193809
34.37	-0.229408
34.38	-0.218793
34.39	-0.209947
34.4	-0.206116
34.41	-0.1709
34.42	-0.153166
34.43	-0.14553
34.44	-0.114456
34.45	-0.111333
34.46	-0.102639
34.47	-0.0444472
34.48	-0.0076055
34.49	0.00645
34.5	0.0311247
34.51	0.0299657
34.52	0.0153776
34.53	0.00573224
34.54	-0.00484649
34.55	-0.00538309
34.56	-0.0232931
34.57	-0.0497465
34.58	-0.0602026
34.59	-0.128412
34.6	-0.237862
34.61	-0.293644
34.62	-0.320585
34.63	-0.331748
34.64	-0.297163
34.65	-0.258627
34.66	-0.229151
34.67	-0.193398
34.68	-0.163743
34.69	-0.133
34.7	-0.110787
34.71	-0.128961
34.72	-0.155017
34.73	-0.134662
34.74	-0.0901073
34.75	-0.0650155
34.76	-0.0270047
34.77	0.0323978
34.78	0.061601
34.79	0.0706493
34.8	0.0831815
34.81	0.0750962
34.82	0.0590391
34.83	0.0597054
34.84	0.0651468
34.85	0.0524367
34.86	0.0275702
34.87	0.0033797
34.88	-0.0354841
34.89	-0.0418033
34.9	0.0337349
34.91	0.103998
34.92	0.151913
34.93	0.212504
34.94	0.191567
34.95	0.111335
34.96	0.0881523
34.97	0.0757043
34.98	0.0442722
34.99	0.0162706
35	-0.035887
35.01	0.00317386
35.02	-0.0396363
35.03	-0.0782107
35.04	-0.0848298
35.05	-0.0818225
35.06	-0.0725359
35.07	-0.0644188
35.08	-0.0652829
35.09	-0.0529779
35.1	-0.042685
35.11	-0.0394983
35.12	-0.0181749
35.13	0.00156069
35.14	0.0125715
35.15	0.0189088
35.16	0.0205684
35.17	0.0546151
35.18	0.114011
35.19	0.157031
35.2	0.204743
35.21	0.249817
35.22	0.245238
35.23	0.213192
35.24	0.196679
35.25	0.184223
35.26	0.170273
35.27	0.182883
35.28	0.225959
35.29	0.264336
35.3	0.286697
35.31	0.304735
35.32	0.307992
35.33	0.289825
35.34	0.269662
35.35	0.248748
35.36	0.229503
35.37	0.229486
35.38	0.235977
35.39	0.232526
35.4	0.231262
35.41	0.22636
35.42	0.209547
35.43	0.190942
35.44	0.17714
35.45	0.164145
35.46	0.14669
35.47	0.139932
35.48	0.152326
35.49	0.154986
35.5	0.158363
35.51	0.181033
35.52	0.191569
35.53	0.184617
35.54	0.157801
35.55	0.093028
35.56	0.0333311
35.57	-0.000319841
35.58	-0.021778
35.59	-0.0142918
35.6	-0.0017884
35.61	-0.0107469
35.62	-0.0198597
35.63	-0.0500615
35.64	-0.0964541
35.65	-0.106645
35.66	-0.0930751
35.67	-0.0771977
35.68	-0.0437444
35.69	-0.00880963
35.7	0.00651538
35.71	0.00121934
35.72	-0.00667249
35.73	0.00388416
35.74	0.0232577
35.75	0.0479761
35.76	0.0698024
35.77	0.0405964
35.78	-0.0164169
35.79	-0.0467654
35.8	-0.0752246
35.81	-0.0922734
35.82	-0.0638396
35.83	-0.0385363
35.84	-0.0328674
35.85	-0.028434
35.86	-0.0432117
35.87	-0.0612831
35.88	-0.0632345
35.89	-0.0645227
35.9	-0.0461927
35.91	0.00323704
35.92	0.0584404
35.93	0.0988367
35.94	0.128094
35.95	0.170258
35.96	0.215137
35.97	0.229141
35.98	0.235476
35.99	0.254174
36	0.267633
36.01	0.279022
36.02	0.304914
36.03	0.347001
36.04	0.383693
36.05	0.386005
36.06	0.366034
36.07	0.33757
36.08	0.298396
36.09	0.27106
36.1	0.268643
36.11	0.273767
36.12	0.276048
36.13	0.275279
36.14	0.285225
36.15	0.301343
36.16	0.304977
36.17	0.312602
36.18	0.325864
36.19	0.322805
36.2	0.32082
36.21	0.311858
36.22	0.28542
36.23	0.28313
36.24	0.285017
36.25	0.251843
36.26	0.227029
36.27	0.207663
36.28	0.158965
36.29	0.110498
36.3	0.0795673
36.31	0.0558752
36.32	0.029025
36.33	-0.0218045
36.34	-0.0856927
36.35	-0.14541
36.36	-0.182788
36.37	-0.178206
36.38	-0.166512
36.39	-0.162033
36.4	-0.147397
36.41	-0.166624
36.42	-0.203738
36.43	-0.200473
36.44	-0.202051
36.45	-0.228753
36.46	-0.243826
36.47	-0.265014
36.48	-0.286862
36.49	-0.291314
36.5	-0.288975
36.51	-0.259369
36.52	-0.213451
36.53	-0.19537
36.54	-0.192505
36.55	-0.207266
36.56	-0.250289
36.57	-0.273842
36.58	-0.250856
36.59	-0.203448
36.6	-0.154605
36.61	-0.123507
36.62	-0.109981
36.63	-0.113546
36.64	-0.12628
36.65	-0.116817
36.66	-0.084823
36.67	-0.0504092
36.68	-0.0174072
36.69	-0.00147518
36.7	0.0126748
36.71	0.0507434
36.72	0.0845855
36.73	0.100988
36.74	0.118089
36.75	0.124058
36.76	0.111387
36.77	0.0998108
36.78	0.118251
36.79	0.168664
36.8	0.231292
36.81	0.304725
36.82	0.357689
36.83	0.349818
36.84	0.326404
36.85	0.30973
36.86	0.276498
36.87	0.265369
36.88	0.285277
36.89	0.285604
36.9	0.262882
36.91	0.222395
36.92	0.170104
36.93	0.129498
36.94	0.100934
36.95	0.0848685
36.96	0.0756257
36.97	0.0496061
36.98	0.0188962
36.99	-0.0119196
37	-0.0428423
37.01	-0.0517292
37.02	-0.067136
37.03	-0.108734
37.04	-0.139518
37.05	-0.172219
37.06	-0.207727
37.07	-0.216319
37.08	-0.218327
37.09	-0.200232
37.1	-0.157663
37.11	-0.161458
37.12	-0.192149
37.13	-0.206652
37.14	-0.237789
37.15	-0.261675
37.16	-0.256185
37.17	-0.254379
37.18	-0.236243
37.19	-0.203249
37.2	-0.180734
37.21	-0.135901
37.22	-0.0637303
37.23	-0.0023776
37.24	0.0372145
37.25	0.0658997
37.26	0.0967742
37.27	0.107059
37.28	0.0938871
37.29	0.10139
37.3	0.111001
37.31	0.0938944
37.32	0.0925931
37.33	0.100821
37.34	0.0833934
37.35	0.062294
37.36	0.0553217
37.37	0.0577847
37.38	0.064017
37.39	0.0596497
37.4	0.0509315
37.41	0.0462483
37.42	0.0437595
37.43	0.0455389
37.44	0.0470002
37.45	0.050988
37.46	0.0554223
37.47	0.0396845
37.48	0.0264371
37.49	0.0298307
37.5	0.0156177
37.51	-0.00994987
37.52	-0.0225862
37.53	-0.0264089
37.54	-0.0174474
37.55	-0.0094567
37.56	-0.00272979
37.57	0.020363
37.58	0.0309567
37.59	0.0157227
37.6	-0.00484063
37.61	-0.0306966
37.62	-0.0395481
37.63	-0.0242962
37.64	-0.00329316
37.65	0.0276921
37.66	0.0422242
37.67	0.0193679
37.68	-0.0203865
37.69	-0.0810788
37.7	-0.12092
37.71	-0.110019
37.72	-0.118967
37.73	-0.150196
37.74	-0.17881
37.75	-0.260686
37.76	-0.351929
37.77	-0.383995
37.78	-0.397359
37.79	-0.382446
37.8	-0.318175
37.81	-0.264973
37.82	-0.238511
37.83	-0.223851
37.84	-0.213634
37.85	-0.186581
37.86	-0.154079
37.87	-0.124636
37.88	-0.0876622
37.89	-0.0623266
37.9	-0.0444736
37.91	-0.0299712
37.92	-0.0208637
37.93	0.0237491
37.94	0.0871273
37.95	0.117695
37.96	0.143583
37.97	0.170489
37.98	0.188014
37.99	0.229411
38	0.285784
38.01	0.333835
38.02	0.369984
38.03	0.372501
38.04	0.35964
38.05	0.353088
38.06	0.339947
38.07	0.332713
38.08	0.335532
38.09	0.336959
38.1	0.357162
38.11	0.396266
38.12	0.42648
38.13	0.423321
38.14	0.390331
38.15	0.357223
38.16	0.313822
38.17	0.248752
38.18	0.215649
38.19	0.225923
38.2	0.24583
38.21	0.275052
38.22	0.303375
38.23	0.309606
38.24	0.289122
38.25	0.235977
38.26	0.17508
38.27	0.131449
38.28	0.102275
38.29	0.0813451
38.3	0.0506318
38.31	0.0339621
38.32	0.0703335
38.33	0.103056
38.34	0.112354
38.35	0.128205
38.36	0.0946966
38.37	0.0193699
38.38	-0.0265499
38.39	-0.069385
38.4	-0.0952999
38.41	-0.0753695
38.42	-0.0711112
38.43	-0.0856306
38.44	-0.0983669
38.45	-0.136566
38.46	-0.173366
38.47	-0.191655
38.48	-0.203737
38.49	-0.209382
38.5	-0.238999
38.51	-0.285938
38.52	-0.314727
38.53	-0.341664
38.54	-0.343936
38.55	-0.295574
38.56	-0.231292
38.57	-0.169081
38.58	-0.130538
38.59	-0.121049
38.6	-0.0970329
38.61	-0.07412
38.62	-0.0518542
38.63	0.0164306
38.64	0.0783227
38.65	0.0970786
38.66	0.127029
38.67	0.158484
38.68	0.176084
38.69	0.201507
38.7	0.220897
38.71	0.244893
38.72	0.291676
38.73	0.335543
38.74	0.378971
38.75	0.430737
38.76	0.476671
38.77	0.498443
38.78	0.485396
38.79	0.46445
38.8	0.440641
38.81	0.386712
38.82	0.34528
38.83	0.346067
38.84	0.356858
38.85	0.371556
38.86	0.377289
38.87	0.34425
38.88	0.280629
38.89	0.211344
38.9	0.164127
38.91	0.134618
38.92	0.117316
38.93	0.140385
38.94	0.179274
38.95	0.204838
38.96	0.239925
38.97	0.249106
38.98	0.218829
38.99	0.196167
39	0.163985
39.01	0.125083
39.02	0.116298
39.03	0.105281
39.04	0.0993819
39.05	0.112905
39.06	0.0954438
39.07	0.0604168
39.08	0.0269996
39.09	-0.0294852
39.1	-0.0582035
39.11	-0.0344295
39.12	0.00508792
39.13	0.0594699
39.14	0.110538
39.15	0.144863
39.16	0.176548
39.17	0.184682
39.18	0.184029
39.19	0.187492
39.2	0.172237
39.21	0.162679
39.22	0.150412
39.23	0.12826
39.24	0.157899
39.25	0.190157
39.26	0.170786
39.27	0.152432
39.28	0.0986952
39.29	-0.0129039
39.3	-0.0981558
39.31	-0.155352
39.32	-0.185538
39.33	-0.152244
39.34	-0.10838
39.35	-0.101938
39.36	-0.114781
39.37	-0.121848
39.38	-0.100277
39.39	-0.0713122
39.4	-0.0482379
39.41	-0.00984394
39.42	0.00860047
39.43	-0.0260918
39.44	-0.0800612
39.45	-0.126796
39.46	-0.151118
39.47	-0.165302
39.48	-0.198996
39.49	-0.230901
39.5	-0.244763
39.51	-0.25277
39.52	-0.234594
39.53	-0.184872
39.54	-0.123281
39.55	-0.0806031
39.56	-0.085744
39.57	-0.105456
39.58	-0.107675
39.59	-0.0993322
39.6	-0.0539727
39.61	0.0165541
39.62	0.070454
39.63	0.0953626
39.64	0.0584746
39.65	-0.0144051
39.66	-0.0579289
39.67	-0.0900789
39.68	-0.0994699
39.69	-0.0896694
39.7	-0.142918
39.71	-0.235868
39.72	-0.309821
39.73	-0.375741
39.74	-0.394023
39.75	-0.353195
39.76	-0.305169
39.77	-0.268109
39.78	-0.253905
39.79	-0.255434
39.8	-0.249477
39.81	-0.229917
39.82	-0.161095
39.83	-0.070115
39.84	-0.0181492
39.85	0.0318737
39.86	0.0600893
39.87	0.0122039
39.88	-0.0266872
39.89	-0.0290105
39.9	-0.0352811
39.91	-0.018304
39.92	-0.020763
39.93	-0.0635883
39.94	-0.0662931
39.95	-0.0608136
39.96	-0.0783551
39.97	-0.0735562
39.98	-0.0824688
39.99	-0.11565
40	-0.138412
40.01	-0.163832
40.02	-0.167931
40.03	-0.155326
40.04	-0.159303
40.05	-0.148023
40.06	-0.130236
40.07	-0.136454
40.08	-0.150281
40.09	-0.180743
40.1	-0.2233
40.11	-0.271267
40.12	-0.33016
40.13	-0.364341
40.14	-0.379515
40.15	-0.397206
40.16	-0.376137
40.17	-0.334925
40.18	-0.319129
40.19	-0.312383
40.2	-0.314492
40.21	-0.332798
40.22	-0.342221
40.23	-0.320672
40.24	-0.256994
40.25	-0.181028
40.26	-0.122052
40.27	-0.0749073
40.28	-0.062175
40.29	-0.0798951
40.3	-0.0873074
40.31	-0.119102
40.32	-0.181197
40.33	-0.226586
40.34	-0.278777
40.35	-0.32923
40.36	-0.335126
40.37	-0.329095
40.38	-0.313869
40.39	-0.291765
40.4	-0.307117
40.41	-0.347006
40.42	-0.388905
40.43	-0.414288
40.44	-0.410692
40.45	-0.408957
40.46	-0.367981
40.47	-0.290397
40.48	-0.277249
40.49	-0.297719
40.5	-0.308292
40.51	-0.324793
40.52	-0.283739
40.53	-0.221124
40.54	-0.2027
40.55	-0.175805
40.56	-0.171451
40.57	-0.198406
40.58	-0.160902
40.59	-0.0826045
40.6	0.0145013
40.61	0.151181
40.62	0.248114
40.63	0.302197
40.64	0.378384
40.65	0.420363
40.66	0.415022
40.67	0.42741
40.68	0.442927
40.69	0.431629
40.7	0.389418
40.71	0.325849
40.72	0.287591
40.73	0.265497
40.74	0.248039
40.75	0.254703
40.76	0.233556
40.77	0.183722
40.78	0.130849
40.79	0.033564
40.8	-0.0314413
40.81	-0.0362919
40.82	-0.076079
40.83	-0.0989805
40.84	-0.086843
40.85	-0.100526
40.86	-0.0909589
40.87	-0.0653061
40.88	-0.0414271
40.89	-0.00696124
40.9	0.0078226
40.91	0.0490295
40.92	0.0938215
40.93	0.0826415
40.94	0.103005
40.95	0.135325
